task_id,Unnamed: 0,parents,job_id,instances_num,task_type,status,start_time,end_time,cpu,memory,duration,submit_time,disk,EST,EFT,MET,LFT,AST,VmId,ru,children,initial_EST,initial_EFT,initial_MET,initial_LFT,rankScore
ID00000_0,0,"['ID00006', 'ID00039', 'ID00016', 'ID00027', 'ID00049', 'ID00004', 'ID00037', 'ID00014', 'ID00047', 'ID00008', 'ID00018', 'ID00029', 'ID00020', 'ID00031', 'ID00041', 'ID00024', 'ID00035', 'ID00012', 'ID00045', 'ID00022', 'ID00033', 'ID00010', 'ID00043']",ID00000,1,CyberShake,Terminated,0,100000000000,1,265,1,0,0,66,70,4,75.0,1000.0,11,6.0,[],18,24,6,1000.0,126
ID00000_1,1,"['ID00006', 'ID00039', 'ID00016', 'ID00027', 'ID00049', 'ID00004', 'ID00037', 'ID00014', 'ID00047', 'ID00008', 'ID00018', 'ID00029', 'ID00020', 'ID00031', 'ID00041', 'ID00024', 'ID00035', 'ID00012', 'ID00045', 'ID00022', 'ID00033', 'ID00010', 'ID00043']",ID00000,1,CyberShake,Terminated,0,100000000000,1,305,1,0,0,63,67,4,75.0,1000.0,8,7.0,[],18,25,7,1000.0,120
ID00000_2,2,"['ID00006', 'ID00039', 'ID00016', 'ID00027', 'ID00049', 'ID00004', 'ID00037', 'ID00014', 'ID00047', 'ID00008', 'ID00018', 'ID00029', 'ID00020', 'ID00031', 'ID00041', 'ID00024', 'ID00035', 'ID00012', 'ID00045', 'ID00022', 'ID00033', 'ID00010', 'ID00043']",ID00000,1,CyberShake,Terminated,0,100000000000,1,166,1,0,0,70,73,3,75.0,1000.0,10,4.0,[],18,22,4,1000.0,133
ID00000_3,3,"['ID00006', 'ID00039', 'ID00016', 'ID00027', 'ID00049', 'ID00004', 'ID00037', 'ID00014', 'ID00047', 'ID00008', 'ID00018', 'ID00029', 'ID00020', 'ID00031', 'ID00041', 'ID00024', 'ID00035', 'ID00012', 'ID00045', 'ID00022', 'ID00033', 'ID00010', 'ID00043']",ID00000,1,CyberShake,Terminated,0,100000000000,1,389,1,0,0,52,57,5,75.0,1000.0,10,9.0,[],18,27,9,1000.0,106
ID00000_4,4,"['ID00006', 'ID00039', 'ID00016', 'ID00027', 'ID00049', 'ID00004', 'ID00037', 'ID00014', 'ID00047', 'ID00008', 'ID00018', 'ID00029', 'ID00020', 'ID00031', 'ID00041', 'ID00024', 'ID00035', 'ID00012', 'ID00045', 'ID00022', 'ID00033', 'ID00010', 'ID00043']",ID00000,1,CyberShake,Terminated,0,100000000000,1,417,1,0,0,52,58,6,75.0,1000.0,9,9.0,[],18,27,9,1000.0,107
ID00000_5,5,"['ID00006', 'ID00039', 'ID00016', 'ID00027', 'ID00049', 'ID00004', 'ID00037', 'ID00014', 'ID00047', 'ID00008', 'ID00018', 'ID00029', 'ID00020', 'ID00031', 'ID00041', 'ID00024', 'ID00035', 'ID00012', 'ID00045', 'ID00022', 'ID00033', 'ID00010', 'ID00043']",ID00000,1,CyberShake,Terminated,0,100000000000,1,222,1,0,0,65,71,6,75.0,1000.0,6,5.0,[],18,23,5,1000.0,124
ID00000_6,6,"['ID00006', 'ID00039', 'ID00016', 'ID00027', 'ID00049', 'ID00004', 'ID00037', 'ID00014', 'ID00047', 'ID00008', 'ID00018', 'ID00029', 'ID00020', 'ID00031', 'ID00041', 'ID00024', 'ID00035', 'ID00012', 'ID00045', 'ID00022', 'ID00033', 'ID00010', 'ID00043']",ID00000,1,CyberShake,Terminated,0,100000000000,1,341,1,0,0,56,65,9,75.0,1000.0,6,8.0,[],18,26,8,1000.0,109
ID00000_7,7,"['ID00006', 'ID00039', 'ID00016', 'ID00027', 'ID00049', 'ID00004', 'ID00037', 'ID00014', 'ID00047', 'ID00008', 'ID00018', 'ID00029', 'ID00020', 'ID00031', 'ID00041', 'ID00024', 'ID00035', 'ID00012', 'ID00045', 'ID00022', 'ID00033', 'ID00010', 'ID00043']",ID00000,1,CyberShake,Terminated,0,100000000000,1,357,1,0,0,57,66,9,75.0,1000.0,5,8.0,[],18,26,8,1000.0,113
ID00000_8,8,"['ID00006', 'ID00039', 'ID00016', 'ID00027', 'ID00049', 'ID00004', 'ID00037', 'ID00014', 'ID00047', 'ID00008', 'ID00018', 'ID00029', 'ID00020', 'ID00031', 'ID00041', 'ID00024', 'ID00035', 'ID00012', 'ID00045', 'ID00022', 'ID00033', 'ID00010', 'ID00043']",ID00000,1,CyberShake,Terminated,0,100000000000,1,78,1,0,0,71,73,2,75.0,1000.0,6,2.0,[],18,20,2,1000.0,137
ID00000_9,9,"['ID00006', 'ID00039', 'ID00016', 'ID00027', 'ID00049', 'ID00004', 'ID00037', 'ID00014', 'ID00047', 'ID00008', 'ID00018', 'ID00029', 'ID00020', 'ID00031', 'ID00041', 'ID00024', 'ID00035', 'ID00012', 'ID00045', 'ID00022', 'ID00033', 'ID00010', 'ID00043']",ID00000,1,CyberShake,Terminated,0,100000000000,1,110,1,0,0,71,73,2,75.0,1000.0,8,3.0,[],18,21,3,1000.0,136
ID00000_10,10,"['ID00006', 'ID00039', 'ID00016', 'ID00027', 'ID00049', 'ID00004', 'ID00037', 'ID00014', 'ID00047', 'ID00008', 'ID00018', 'ID00029', 'ID00020', 'ID00031', 'ID00041', 'ID00024', 'ID00035', 'ID00012', 'ID00045', 'ID00022', 'ID00033', 'ID00010', 'ID00043']",ID00000,1,CyberShake,Terminated,0,100000000000,1,131,1,0,0,72,74,2,75.0,1000.0,9,3.0,[],18,21,3,1000.0,141
ID00000_11,11,"['ID00006', 'ID00039', 'ID00016', 'ID00027', 'ID00049', 'ID00004', 'ID00037', 'ID00014', 'ID00047', 'ID00008', 'ID00018', 'ID00029', 'ID00020', 'ID00031', 'ID00041', 'ID00024', 'ID00035', 'ID00012', 'ID00045', 'ID00022', 'ID00033', 'ID00010', 'ID00043']",ID00000,1,CyberShake,Terminated,0,100000000000,1,168,1,0,0,63,72,9,75.0,1000.0,3,4.0,[],18,22,4,1000.0,122
ID00000_12,12,"['ID00006', 'ID00039', 'ID00016', 'ID00027', 'ID00049', 'ID00004', 'ID00037', 'ID00014', 'ID00047', 'ID00008', 'ID00018', 'ID00029', 'ID00020', 'ID00031', 'ID00041', 'ID00024', 'ID00035', 'ID00012', 'ID00045', 'ID00022', 'ID00033', 'ID00010', 'ID00043']",ID00000,1,CyberShake,Terminated,0,100000000000,1,405,1,0,0,45,66,21,75.0,1000.0,1,9.0,[],18,27,9,1000.0,103
ID00000_13,13,"['ID00006', 'ID00039', 'ID00016', 'ID00027', 'ID00049', 'ID00004', 'ID00037', 'ID00014', 'ID00047', 'ID00008', 'ID00018', 'ID00029', 'ID00020', 'ID00031', 'ID00041', 'ID00024', 'ID00035', 'ID00012', 'ID00045', 'ID00022', 'ID00033', 'ID00010', 'ID00043']",ID00000,1,CyberShake,Terminated,0,100000000000,1,44,1,0,0,71,74,3,75.0,1000.0,2,1.0,[],18,19,1,1000.0,140
ID00000_14,14,"['ID00006', 'ID00039', 'ID00016', 'ID00027', 'ID00049', 'ID00004', 'ID00037', 'ID00014', 'ID00047', 'ID00008', 'ID00018', 'ID00029', 'ID00020', 'ID00031', 'ID00041', 'ID00024', 'ID00035', 'ID00012', 'ID00045', 'ID00022', 'ID00033', 'ID00010', 'ID00043']",ID00000,1,CyberShake,Terminated,0,100000000000,1,345,1,0,0,57,66,9,75.0,1000.0,7,8.0,[],18,26,8,1000.0,114
ID00000_15,15,"['ID00006', 'ID00039', 'ID00016', 'ID00027', 'ID00049', 'ID00004', 'ID00037', 'ID00014', 'ID00047', 'ID00008', 'ID00018', 'ID00029', 'ID00020', 'ID00031', 'ID00041', 'ID00024', 'ID00035', 'ID00012', 'ID00045', 'ID00022', 'ID00033', 'ID00010', 'ID00043']",ID00000,1,CyberShake,Terminated,0,100000000000,1,142,1,0,0,70,72,2,75.0,1000.0,9,4.0,[],18,22,4,1000.0,134
ID00000_16,16,"['ID00006', 'ID00039', 'ID00016', 'ID00027', 'ID00049', 'ID00004', 'ID00037', 'ID00014', 'ID00047', 'ID00008', 'ID00018', 'ID00029', 'ID00020', 'ID00031', 'ID00041', 'ID00024', 'ID00035', 'ID00012', 'ID00045', 'ID00022', 'ID00033', 'ID00010', 'ID00043']",ID00000,1,CyberShake,Terminated,0,100000000000,1,436,1,0,0,45,56,11,75.0,1000.0,4,10.0,[],18,28,10,1000.0,99
ID00000_17,17,"['ID00006', 'ID00039', 'ID00016', 'ID00027', 'ID00049', 'ID00004', 'ID00037', 'ID00014', 'ID00047', 'ID00008', 'ID00018', 'ID00029', 'ID00020', 'ID00031', 'ID00041', 'ID00024', 'ID00035', 'ID00012', 'ID00045', 'ID00022', 'ID00033', 'ID00010', 'ID00043']",ID00000,1,CyberShake,Terminated,0,100000000000,1,493,1,0,0,45,52,7,75.0,1000.0,8,11.0,[],18,29,11,1000.0,95
ID00000_18,18,"['ID00006', 'ID00039', 'ID00016', 'ID00027', 'ID00049', 'ID00004', 'ID00037', 'ID00014', 'ID00047', 'ID00008', 'ID00018', 'ID00029', 'ID00020', 'ID00031', 'ID00041', 'ID00024', 'ID00035', 'ID00012', 'ID00045', 'ID00022', 'ID00033', 'ID00010', 'ID00043']",ID00000,1,CyberShake,Terminated,0,100000000000,1,296,1,0,0,63,67,4,75.0,1000.0,9,7.0,[],18,25,7,1000.0,121
ID00000_19,19,"['ID00006', 'ID00039', 'ID00016', 'ID00027', 'ID00049', 'ID00004', 'ID00037', 'ID00014', 'ID00047', 'ID00008', 'ID00018', 'ID00029', 'ID00020', 'ID00031', 'ID00041', 'ID00024', 'ID00035', 'ID00012', 'ID00045', 'ID00022', 'ID00033', 'ID00010', 'ID00043']",ID00000,1,CyberShake,Terminated,0,100000000000,1,152,1,0,0,64,72,8,75.0,1000.0,0,4.0,[],18,22,4,1000.0,123
ID00000_20,20,"['ID00006', 'ID00039', 'ID00016', 'ID00027', 'ID00049', 'ID00004', 'ID00037', 'ID00014', 'ID00047', 'ID00008', 'ID00018', 'ID00029', 'ID00020', 'ID00031', 'ID00041', 'ID00024', 'ID00035', 'ID00012', 'ID00045', 'ID00022', 'ID00033', 'ID00010', 'ID00043']",ID00000,1,CyberShake,Terminated,0,100000000000,1,454,1,0,0,45,57,12,75.0,1000.0,7,10.0,[],18,28,10,1000.0,100
ID00000_21,21,"['ID00006', 'ID00039', 'ID00016', 'ID00027', 'ID00049', 'ID00004', 'ID00037', 'ID00014', 'ID00047', 'ID00008', 'ID00018', 'ID00029', 'ID00020', 'ID00031', 'ID00041', 'ID00024', 'ID00035', 'ID00012', 'ID00045', 'ID00022', 'ID00033', 'ID00010', 'ID00043']",ID00000,1,CyberShake,Terminated,0,100000000000,1,462,1,0,0,52,58,6,75.0,1000.0,8,10.0,[],18,28,10,1000.0,105
ID00000_22,22,"['ID00006', 'ID00039', 'ID00016', 'ID00027', 'ID00049', 'ID00004', 'ID00037', 'ID00014', 'ID00047', 'ID00008', 'ID00018', 'ID00029', 'ID00020', 'ID00031', 'ID00041', 'ID00024', 'ID00035', 'ID00012', 'ID00045', 'ID00022', 'ID00033', 'ID00010', 'ID00043']",ID00000,1,CyberShake,Terminated,0,100000000000,1,74,1,0,0,72,73,1,75.0,1000.0,11,2.0,[],18,20,2,1000.0,142
ID00000_23,23,"['ID00006', 'ID00039', 'ID00016', 'ID00027', 'ID00049', 'ID00004', 'ID00037', 'ID00014', 'ID00047', 'ID00008', 'ID00018', 'ID00029', 'ID00020', 'ID00031', 'ID00041', 'ID00024', 'ID00035', 'ID00012', 'ID00045', 'ID00022', 'ID00033', 'ID00010', 'ID00043']",ID00000,1,CyberShake,Terminated,0,100000000000,1,10,1,0,0,72,73,1,75.0,1000.0,3,1.0,[],18,19,1,1000.0,144
ID00001_0,24,"['ID00017', 'ID00028', 'ID00005', 'ID00038', 'ID00015', 'ID00026', 'ID00048', 'ID00003', 'ID00036', 'ID00009', 'ID00019', 'ID00007', 'ID00042', 'ID00030', 'ID00040', 'ID00013', 'ID00046', 'ID00023', 'ID00034', 'ID00011', 'ID00044', 'ID00021', 'ID00032']",ID00001,1,CyberShake,Terminated,0,100000000000,1,179,1,0,0,62,71,9,75.0,1000.0,2,4.0,[],11,15,4,1000.0,119
ID00001_1,25,"['ID00017', 'ID00028', 'ID00005', 'ID00038', 'ID00015', 'ID00026', 'ID00048', 'ID00003', 'ID00036', 'ID00009', 'ID00019', 'ID00007', 'ID00042', 'ID00030', 'ID00040', 'ID00013', 'ID00046', 'ID00023', 'ID00034', 'ID00011', 'ID00044', 'ID00021', 'ID00032']",ID00001,1,CyberShake,Terminated,0,100000000000,1,92,1,0,0,71,74,3,75.0,1000.0,7,2.0,[],11,13,2,1000.0,138
ID00001_2,26,"['ID00017', 'ID00028', 'ID00005', 'ID00038', 'ID00015', 'ID00026', 'ID00048', 'ID00003', 'ID00036', 'ID00009', 'ID00019', 'ID00007', 'ID00042', 'ID00030', 'ID00040', 'ID00013', 'ID00046', 'ID00023', 'ID00034', 'ID00011', 'ID00044', 'ID00021', 'ID00032']",ID00001,1,CyberShake,Terminated,0,100000000000,1,376,1,0,0,52,57,5,75.0,1000.0,11,9.0,[],11,20,9,1000.0,108
ID00001_3,27,"['ID00017', 'ID00028', 'ID00005', 'ID00038', 'ID00015', 'ID00026', 'ID00048', 'ID00003', 'ID00036', 'ID00009', 'ID00019', 'ID00007', 'ID00042', 'ID00030', 'ID00040', 'ID00013', 'ID00046', 'ID00023', 'ID00034', 'ID00011', 'ID00044', 'ID00021', 'ID00032']",ID00001,1,CyberShake,Terminated,0,100000000000,1,75,1,0,0,72,74,2,75.0,1000.0,5,2.0,[],11,13,2,1000.0,143
ID00001_4,28,"['ID00017', 'ID00028', 'ID00005', 'ID00038', 'ID00015', 'ID00026', 'ID00048', 'ID00003', 'ID00036', 'ID00009', 'ID00019', 'ID00007', 'ID00042', 'ID00030', 'ID00040', 'ID00013', 'ID00046', 'ID00023', 'ID00034', 'ID00011', 'ID00044', 'ID00021', 'ID00032']",ID00001,1,CyberShake,Terminated,0,100000000000,1,345,1,0,0,45,63,18,75.0,1000.0,3,8.0,[],11,19,8,1000.0,104
ID00001_5,29,"['ID00017', 'ID00028', 'ID00005', 'ID00038', 'ID00015', 'ID00026', 'ID00048', 'ID00003', 'ID00036', 'ID00009', 'ID00019', 'ID00007', 'ID00042', 'ID00030', 'ID00040', 'ID00013', 'ID00046', 'ID00023', 'ID00034', 'ID00011', 'ID00044', 'ID00021', 'ID00032']",ID00001,1,CyberShake,Terminated,0,100000000000,1,202,1,0,0,67,70,3,75.0,1000.0,10,5.0,[],11,16,5,1000.0,131
ID00001_6,30,"['ID00017', 'ID00028', 'ID00005', 'ID00038', 'ID00015', 'ID00026', 'ID00048', 'ID00003', 'ID00036', 'ID00009', 'ID00019', 'ID00007', 'ID00042', 'ID00030', 'ID00040', 'ID00013', 'ID00046', 'ID00023', 'ID00034', 'ID00011', 'ID00044', 'ID00021', 'ID00032']",ID00001,1,CyberShake,Terminated,0,100000000000,1,336,1,0,0,56,65,9,75.0,1000.0,4,8.0,[],11,19,8,1000.0,110
ID00001_7,31,"['ID00017', 'ID00028', 'ID00005', 'ID00038', 'ID00015', 'ID00026', 'ID00048', 'ID00003', 'ID00036', 'ID00009', 'ID00019', 'ID00007', 'ID00042', 'ID00030', 'ID00040', 'ID00013', 'ID00046', 'ID00023', 'ID00034', 'ID00011', 'ID00044', 'ID00021', 'ID00032']",ID00001,1,CyberShake,Terminated,0,100000000000,1,386,1,0,0,57,62,5,75.0,1000.0,11,9.0,[],11,20,9,1000.0,111
ID00001_8,32,"['ID00017', 'ID00028', 'ID00005', 'ID00038', 'ID00015', 'ID00026', 'ID00048', 'ID00003', 'ID00036', 'ID00009', 'ID00019', 'ID00007', 'ID00042', 'ID00030', 'ID00040', 'ID00013', 'ID00046', 'ID00023', 'ID00034', 'ID00011', 'ID00044', 'ID00021', 'ID00032']",ID00001,1,CyberShake,Terminated,0,100000000000,1,344,1,0,0,62,67,5,75.0,1000.0,10,8.0,[],11,19,8,1000.0,117
ID00001_9,33,"['ID00017', 'ID00028', 'ID00005', 'ID00038', 'ID00015', 'ID00026', 'ID00048', 'ID00003', 'ID00036', 'ID00009', 'ID00019', 'ID00007', 'ID00042', 'ID00030', 'ID00040', 'ID00013', 'ID00046', 'ID00023', 'ID00034', 'ID00011', 'ID00044', 'ID00021', 'ID00032']",ID00001,1,CyberShake,Terminated,0,100000000000,1,39,1,0,0,72,74,2,75.0,1000.0,0,1.0,[],11,12,1,1000.0,145
ID00001_10,34,"['ID00017', 'ID00028', 'ID00005', 'ID00038', 'ID00015', 'ID00026', 'ID00048', 'ID00003', 'ID00036', 'ID00009', 'ID00019', 'ID00007', 'ID00042', 'ID00030', 'ID00040', 'ID00013', 'ID00046', 'ID00023', 'ID00034', 'ID00011', 'ID00044', 'ID00021', 'ID00032']",ID00001,1,CyberShake,Terminated,0,100000000000,1,431,1,0,0,45,56,11,75.0,1000.0,6,10.0,[],11,21,10,1000.0,101
ID00001_11,35,"['ID00017', 'ID00028', 'ID00005', 'ID00038', 'ID00015', 'ID00026', 'ID00048', 'ID00003', 'ID00036', 'ID00009', 'ID00019', 'ID00007', 'ID00042', 'ID00030', 'ID00040', 'ID00013', 'ID00046', 'ID00023', 'ID00034', 'ID00011', 'ID00044', 'ID00021', 'ID00032']",ID00001,1,CyberShake,Terminated,0,100000000000,1,123,1,0,0,66,73,7,75.0,1000.0,1,3.0,[],11,14,3,1000.0,129
ID00001_12,36,"['ID00017', 'ID00028', 'ID00005', 'ID00038', 'ID00015', 'ID00026', 'ID00048', 'ID00003', 'ID00036', 'ID00009', 'ID00019', 'ID00007', 'ID00042', 'ID00030', 'ID00040', 'ID00013', 'ID00046', 'ID00023', 'ID00034', 'ID00011', 'ID00044', 'ID00021', 'ID00032']",ID00001,1,CyberShake,Terminated,0,100000000000,1,384,1,0,0,57,62,5,75.0,1000.0,10,9.0,[],11,20,9,1000.0,112
ID00001_13,37,"['ID00017', 'ID00028', 'ID00005', 'ID00038', 'ID00015', 'ID00026', 'ID00048', 'ID00003', 'ID00036', 'ID00009', 'ID00019', 'ID00007', 'ID00042', 'ID00030', 'ID00040', 'ID00013', 'ID00046', 'ID00023', 'ID00034', 'ID00011', 'ID00044', 'ID00021', 'ID00032']",ID00001,1,CyberShake,Terminated,0,100000000000,1,88,1,0,0,73,75,2,75.0,1000.0,10,2.0,[],11,13,2,1000.0,146
ID00001_14,38,"['ID00017', 'ID00028', 'ID00005', 'ID00038', 'ID00015', 'ID00026', 'ID00048', 'ID00003', 'ID00036', 'ID00009', 'ID00019', 'ID00007', 'ID00042', 'ID00030', 'ID00040', 'ID00013', 'ID00046', 'ID00023', 'ID00034', 'ID00011', 'ID00044', 'ID00021', 'ID00032']",ID00001,1,CyberShake,Terminated,0,100000000000,1,202,1,0,0,65,71,6,75.0,1000.0,4,5.0,[],11,16,5,1000.0,125
ID00001_15,39,"['ID00017', 'ID00028', 'ID00005', 'ID00038', 'ID00015', 'ID00026', 'ID00048', 'ID00003', 'ID00036', 'ID00009', 'ID00019', 'ID00007', 'ID00042', 'ID00030', 'ID00040', 'ID00013', 'ID00046', 'ID00023', 'ID00034', 'ID00011', 'ID00044', 'ID00021', 'ID00032']",ID00001,1,CyberShake,Terminated,0,100000000000,1,30,1,0,0,73,74,1,75.0,1000.0,4,1.0,[],11,12,1,1000.0,148
ID00001_16,40,"['ID00017', 'ID00028', 'ID00005', 'ID00038', 'ID00015', 'ID00026', 'ID00048', 'ID00003', 'ID00036', 'ID00009', 'ID00019', 'ID00007', 'ID00042', 'ID00030', 'ID00040', 'ID00013', 'ID00046', 'ID00023', 'ID00034', 'ID00011', 'ID00044', 'ID00021', 'ID00032']",ID00001,1,CyberShake,Terminated,0,100000000000,1,352,1,0,0,44,62,18,75.0,1000.0,2,8.0,[],11,19,8,1000.0,94
ID00001_17,41,"['ID00017', 'ID00028', 'ID00005', 'ID00038', 'ID00015', 'ID00026', 'ID00048', 'ID00003', 'ID00036', 'ID00009', 'ID00019', 'ID00007', 'ID00042', 'ID00030', 'ID00040', 'ID00013', 'ID00046', 'ID00023', 'ID00034', 'ID00011', 'ID00044', 'ID00021', 'ID00032']",ID00001,1,CyberShake,Terminated,0,100000000000,1,83,1,0,0,73,75,2,75.0,1000.0,8,2.0,[],11,13,2,1000.0,147
ID00001_18,42,"['ID00017', 'ID00028', 'ID00005', 'ID00038', 'ID00015', 'ID00026', 'ID00048', 'ID00003', 'ID00036', 'ID00009', 'ID00019', 'ID00007', 'ID00042', 'ID00030', 'ID00040', 'ID00013', 'ID00046', 'ID00023', 'ID00034', 'ID00011', 'ID00044', 'ID00021', 'ID00032']",ID00001,1,CyberShake,Terminated,0,100000000000,1,492,1,0,0,45,52,7,75.0,1000.0,10,11.0,[],11,22,11,1000.0,96
ID00001_19,43,"['ID00017', 'ID00028', 'ID00005', 'ID00038', 'ID00015', 'ID00026', 'ID00048', 'ID00003', 'ID00036', 'ID00009', 'ID00019', 'ID00007', 'ID00042', 'ID00030', 'ID00040', 'ID00013', 'ID00046', 'ID00023', 'ID00034', 'ID00011', 'ID00044', 'ID00021', 'ID00032']",ID00001,1,CyberShake,Terminated,0,100000000000,1,498,1,0,0,45,52,7,75.0,1000.0,9,11.0,[],11,22,11,1000.0,97
ID00001_20,44,"['ID00017', 'ID00028', 'ID00005', 'ID00038', 'ID00015', 'ID00026', 'ID00048', 'ID00003', 'ID00036', 'ID00009', 'ID00019', 'ID00007', 'ID00042', 'ID00030', 'ID00040', 'ID00013', 'ID00046', 'ID00023', 'ID00034', 'ID00011', 'ID00044', 'ID00021', 'ID00032']",ID00001,1,CyberShake,Terminated,0,100000000000,1,388,1,0,0,58,63,5,75.0,1000.0,9,9.0,[],11,20,9,1000.0,115
ID00001_21,45,"['ID00017', 'ID00028', 'ID00005', 'ID00038', 'ID00015', 'ID00026', 'ID00048', 'ID00003', 'ID00036', 'ID00009', 'ID00019', 'ID00007', 'ID00042', 'ID00030', 'ID00040', 'ID00013', 'ID00046', 'ID00023', 'ID00034', 'ID00011', 'ID00044', 'ID00021', 'ID00032']",ID00001,1,CyberShake,Terminated,0,100000000000,1,201,1,0,0,66,72,6,75.0,1000.0,5,5.0,[],11,16,5,1000.0,127
ID00001_22,46,"['ID00017', 'ID00028', 'ID00005', 'ID00038', 'ID00015', 'ID00026', 'ID00048', 'ID00003', 'ID00036', 'ID00009', 'ID00019', 'ID00007', 'ID00042', 'ID00030', 'ID00040', 'ID00013', 'ID00046', 'ID00023', 'ID00034', 'ID00011', 'ID00044', 'ID00021', 'ID00032']",ID00001,1,CyberShake,Terminated,0,100000000000,1,78,1,0,0,71,73,2,75.0,1000.0,4,2.0,[],11,13,2,1000.0,139
ID00001_23,47,"['ID00017', 'ID00028', 'ID00005', 'ID00038', 'ID00015', 'ID00026', 'ID00048', 'ID00003', 'ID00036', 'ID00009', 'ID00019', 'ID00007', 'ID00042', 'ID00030', 'ID00040', 'ID00013', 'ID00046', 'ID00023', 'ID00034', 'ID00011', 'ID00044', 'ID00021', 'ID00032']",ID00001,1,CyberShake,Terminated,0,100000000000,1,25,1,0,0,73,74,1,75.0,1000.0,6,1.0,[],11,12,1,1000.0,149
ID00002_0,48,[],ID00002,1,CyberShake,Terminated,0,100000000000,1,501,1,0,0,45,52,7,75.0,1000.0,11,11.0,[],0,11,11,1000.0,98
ID00002_1,49,[],ID00002,1,CyberShake,Terminated,0,100000000000,1,393,1,0,0,44,64,20,75.0,1000.0,0,9.0,[],0,9,9,1000.0,93
ID00002_2,50,[],ID00002,1,CyberShake,Terminated,0,100000000000,1,290,1,0,0,62,66,4,75.0,1000.0,11,7.0,[],0,7,7,1000.0,118
ID00002_3,51,[],ID00002,1,CyberShake,Terminated,0,100000000000,1,138,1,0,0,70,72,2,75.0,1000.0,11,3.0,[],0,3,3,1000.0,135
ID00002_4,52,[],ID00002,1,CyberShake,Terminated,0,100000000000,1,260,1,0,0,67,71,4,75.0,1000.0,8,6.0,[],0,6,6,1000.0,130
ID00003_0,53,[],ID00003,1,CyberShake,Terminated,0,100000000000,1,435,1,0,0,12,18,6,69.0,1000.0,8,27.0,"['ID00001_0', 'ID00001_1', 'ID00001_2', 'ID00001_3', 'ID00001_4', 'ID00001_5', 'ID00001_6', 'ID00001_7', 'ID00001_8', 'ID00001_9', 'ID00001_10', 'ID00001_11', 'ID00001_12', 'ID00001_13', 'ID00001_14', 'ID00001_15', 'ID00001_16', 'ID00001_17', 'ID00001_18', 'ID00001_19', 'ID00001_20', 'ID00001_21', 'ID00001_22', 'ID00001_23', 'ID00004_0', 'ID00004_1']",0,10,10,983.0,26
ID00003_1,54,[],ID00003,1,CyberShake,Terminated,0,100000000000,1,179,1,0,0,16,25,9,66.0,1000.0,2,21.0,"['ID00001_0', 'ID00001_1', 'ID00001_2', 'ID00001_3', 'ID00001_4', 'ID00001_5', 'ID00001_6', 'ID00001_7', 'ID00001_8', 'ID00001_9', 'ID00001_10', 'ID00001_11', 'ID00001_12', 'ID00001_13', 'ID00001_14', 'ID00001_15', 'ID00001_16', 'ID00001_17', 'ID00001_18', 'ID00001_19', 'ID00001_20', 'ID00001_21', 'ID00001_22', 'ID00001_23', 'ID00004_0', 'ID00004_1']",0,4,4,983.0,34
ID00004_0,55,['ID00003'],ID00004,1,CyberShake,Terminated,0,100000000000,1,59,1,0,0,41,44,3,72.0,1000.0,2,13.0,"['ID00000_0', 'ID00000_1', 'ID00000_2', 'ID00000_3', 'ID00000_4', 'ID00000_5', 'ID00000_6', 'ID00000_7', 'ID00000_8', 'ID00000_9', 'ID00000_10', 'ID00000_11', 'ID00000_12', 'ID00000_13', 'ID00000_14', 'ID00000_15', 'ID00000_16', 'ID00000_17', 'ID00000_18', 'ID00000_19', 'ID00000_20', 'ID00000_21', 'ID00000_22', 'ID00000_23']",10,12,2,989.0,81
ID00004_1,56,['ID00003'],ID00004,1,CyberShake,Terminated,0,100000000000,1,265,1,0,0,39,43,4,71.0,1000.0,8,17.0,"['ID00000_0', 'ID00000_1', 'ID00000_2', 'ID00000_3', 'ID00000_4', 'ID00000_5', 'ID00000_6', 'ID00000_7', 'ID00000_8', 'ID00000_9', 'ID00000_10', 'ID00000_11', 'ID00000_12', 'ID00000_13', 'ID00000_14', 'ID00000_15', 'ID00000_16', 'ID00000_17', 'ID00000_18', 'ID00000_19', 'ID00000_20', 'ID00000_21', 'ID00000_22', 'ID00000_23']",10,16,6,989.0,73
ID00005_0,57,[],ID00005,1,CyberShake,Terminated,0,100000000000,1,226,1,0,0,13,19,6,69.0,1000.0,7,23.0,"['ID00001_0', 'ID00001_1', 'ID00001_2', 'ID00001_3', 'ID00001_4', 'ID00001_5', 'ID00001_6', 'ID00001_7', 'ID00001_8', 'ID00001_9', 'ID00001_10', 'ID00001_11', 'ID00001_12', 'ID00001_13', 'ID00001_14', 'ID00001_15', 'ID00001_16', 'ID00001_17', 'ID00001_18', 'ID00001_19', 'ID00001_20', 'ID00001_21', 'ID00001_22', 'ID00001_23', 'ID00006_0', 'ID00006_1']",0,5,5,982.0,28
ID00005_1,58,[],ID00005,1,CyberShake,Terminated,0,100000000000,1,92,1,0,0,21,26,5,70.0,1000.0,0,20.0,"['ID00001_0', 'ID00001_1', 'ID00001_2', 'ID00001_3', 'ID00001_4', 'ID00001_5', 'ID00001_6', 'ID00001_7', 'ID00001_8', 'ID00001_9', 'ID00001_10', 'ID00001_11', 'ID00001_12', 'ID00001_13', 'ID00001_14', 'ID00001_15', 'ID00001_16', 'ID00001_17', 'ID00001_18', 'ID00001_19', 'ID00001_20', 'ID00001_21', 'ID00001_22', 'ID00001_23', 'ID00006_0', 'ID00006_1']",0,2,2,982.0,46
ID00006_0,59,['ID00005'],ID00006,1,CyberShake,Terminated,0,100000000000,1,159,1,0,0,38,42,4,71.0,1000.0,6,15.0,"['ID00000_0', 'ID00000_1', 'ID00000_2', 'ID00000_3', 'ID00000_4', 'ID00000_5', 'ID00000_6', 'ID00000_7', 'ID00000_8', 'ID00000_9', 'ID00000_10', 'ID00000_11', 'ID00000_12', 'ID00000_13', 'ID00000_14', 'ID00000_15', 'ID00000_16', 'ID00000_17', 'ID00000_18', 'ID00000_19', 'ID00000_20', 'ID00000_21', 'ID00000_22', 'ID00000_23']",5,9,4,989.0,72
ID00006_1,60,['ID00005'],ID00006,1,CyberShake,Terminated,0,100000000000,1,305,1,0,0,36,40,4,71.0,1000.0,9,18.0,"['ID00000_0', 'ID00000_1', 'ID00000_2', 'ID00000_3', 'ID00000_4', 'ID00000_5', 'ID00000_6', 'ID00000_7', 'ID00000_8', 'ID00000_9', 'ID00000_10', 'ID00000_11', 'ID00000_12', 'ID00000_13', 'ID00000_14', 'ID00000_15', 'ID00000_16', 'ID00000_17', 'ID00000_18', 'ID00000_19', 'ID00000_20', 'ID00000_21', 'ID00000_22', 'ID00000_23']",5,12,7,989.0,70
ID00007_0,61,[],ID00007,1,CyberShake,Terminated,0,100000000000,1,442,1,0,0,5,11,6,69.0,1000.0,10,29.0,"['ID00001_0', 'ID00001_1', 'ID00001_2', 'ID00001_3', 'ID00001_4', 'ID00001_5', 'ID00001_6', 'ID00001_7', 'ID00001_8', 'ID00001_9', 'ID00001_10', 'ID00001_11', 'ID00001_12', 'ID00001_13', 'ID00001_14', 'ID00001_15', 'ID00001_16', 'ID00001_17', 'ID00001_18', 'ID00001_19', 'ID00001_20', 'ID00001_21', 'ID00001_22', 'ID00001_23', 'ID00008_0', 'ID00008_1']",0,10,10,981.0,13
ID00007_1,62,[],ID00007,1,CyberShake,Terminated,0,100000000000,1,376,1,0,0,7,12,5,70.0,1000.0,8,28.0,"['ID00001_0', 'ID00001_1', 'ID00001_2', 'ID00001_3', 'ID00001_4', 'ID00001_5', 'ID00001_6', 'ID00001_7', 'ID00001_8', 'ID00001_9', 'ID00001_10', 'ID00001_11', 'ID00001_12', 'ID00001_13', 'ID00001_14', 'ID00001_15', 'ID00001_16', 'ID00001_17', 'ID00001_18', 'ID00001_19', 'ID00001_20', 'ID00001_21', 'ID00001_22', 'ID00001_23', 'ID00008_0', 'ID00008_1']",0,9,9,981.0,15
ID00008_0,63,['ID00007'],ID00008,1,CyberShake,Terminated,0,100000000000,1,357,1,0,0,30,39,9,66.0,1000.0,7,19.0,"['ID00000_0', 'ID00000_1', 'ID00000_2', 'ID00000_3', 'ID00000_4', 'ID00000_5', 'ID00000_6', 'ID00000_7', 'ID00000_8', 'ID00000_9', 'ID00000_10', 'ID00000_11', 'ID00000_12', 'ID00000_13', 'ID00000_14', 'ID00000_15', 'ID00000_16', 'ID00000_17', 'ID00000_18', 'ID00000_19', 'ID00000_20', 'ID00000_21', 'ID00000_22', 'ID00000_23']",10,18,8,989.0,61
ID00008_1,64,['ID00007'],ID00008,1,CyberShake,Terminated,0,100000000000,1,166,1,0,0,42,45,3,72.0,1000.0,10,15.0,"['ID00000_0', 'ID00000_1', 'ID00000_2', 'ID00000_3', 'ID00000_4', 'ID00000_5', 'ID00000_6', 'ID00000_7', 'ID00000_8', 'ID00000_9', 'ID00000_10', 'ID00000_11', 'ID00000_12', 'ID00000_13', 'ID00000_14', 'ID00000_15', 'ID00000_16', 'ID00000_17', 'ID00000_18', 'ID00000_19', 'ID00000_20', 'ID00000_21', 'ID00000_22', 'ID00000_23']",10,14,4,989.0,82
ID00009_0,65,[],ID00009,1,CyberShake,Terminated,0,100000000000,1,106,1,0,0,16,19,3,72.0,1000.0,6,23.0,"['ID00001_0', 'ID00001_1', 'ID00001_2', 'ID00001_3', 'ID00001_4', 'ID00001_5', 'ID00001_6', 'ID00001_7', 'ID00001_8', 'ID00001_9', 'ID00001_10', 'ID00001_11', 'ID00001_12', 'ID00001_13', 'ID00001_14', 'ID00001_15', 'ID00001_16', 'ID00001_17', 'ID00001_18', 'ID00001_19', 'ID00001_20', 'ID00001_21', 'ID00001_22', 'ID00001_23', 'ID00010_0', 'ID00010_1']",0,3,3,980.0,33
ID00009_1,66,[],ID00009,1,CyberShake,Terminated,0,100000000000,1,75,1,0,0,15,19,4,71.0,1000.0,1,22.0,"['ID00001_0', 'ID00001_1', 'ID00001_2', 'ID00001_3', 'ID00001_4', 'ID00001_5', 'ID00001_6', 'ID00001_7', 'ID00001_8', 'ID00001_9', 'ID00001_10', 'ID00001_11', 'ID00001_12', 'ID00001_13', 'ID00001_14', 'ID00001_15', 'ID00001_16', 'ID00001_17', 'ID00001_18', 'ID00001_19', 'ID00001_20', 'ID00001_21', 'ID00001_22', 'ID00001_23', 'ID00010_0', 'ID00010_1']",0,2,2,980.0,31
ID00010_0,67,['ID00009'],ID00010,1,CyberShake,Terminated,0,100000000000,1,155,1,0,0,42,44,2,73.0,1000.0,11,15.0,"['ID00000_0', 'ID00000_1', 'ID00000_2', 'ID00000_3', 'ID00000_4', 'ID00000_5', 'ID00000_6', 'ID00000_7', 'ID00000_8', 'ID00000_9', 'ID00000_10', 'ID00000_11', 'ID00000_12', 'ID00000_13', 'ID00000_14', 'ID00000_15', 'ID00000_16', 'ID00000_17', 'ID00000_18', 'ID00000_19', 'ID00000_20', 'ID00000_21', 'ID00000_22', 'ID00000_23']",3,7,4,989.0,83
ID00010_1,68,['ID00009'],ID00010,1,CyberShake,Terminated,0,100000000000,1,389,1,0,0,28,33,5,70.0,1000.0,10,20.0,"['ID00000_0', 'ID00000_1', 'ID00000_2', 'ID00000_3', 'ID00000_4', 'ID00000_5', 'ID00000_6', 'ID00000_7', 'ID00000_8', 'ID00000_9', 'ID00000_10', 'ID00000_11', 'ID00000_12', 'ID00000_13', 'ID00000_14', 'ID00000_15', 'ID00000_16', 'ID00000_17', 'ID00000_18', 'ID00000_19', 'ID00000_20', 'ID00000_21', 'ID00000_22', 'ID00000_23']",3,12,9,989.0,57
ID00011_0,69,[],ID00011,1,CyberShake,Terminated,0,100000000000,1,107,1,0,0,17,20,3,72.0,1000.0,5,23.0,"['ID00001_0', 'ID00001_1', 'ID00001_2', 'ID00001_3', 'ID00001_4', 'ID00001_5', 'ID00001_6', 'ID00001_7', 'ID00001_8', 'ID00001_9', 'ID00001_10', 'ID00001_11', 'ID00001_12', 'ID00001_13', 'ID00001_14', 'ID00001_15', 'ID00001_16', 'ID00001_17', 'ID00001_18', 'ID00001_19', 'ID00001_20', 'ID00001_21', 'ID00001_22', 'ID00001_23', 'ID00012_0', 'ID00012_1']",0,3,3,980.0,37
ID00011_1,70,[],ID00011,1,CyberShake,Terminated,0,100000000000,1,345,1,0,0,6,11,5,70.0,1000.0,11,28.0,"['ID00001_0', 'ID00001_1', 'ID00001_2', 'ID00001_3', 'ID00001_4', 'ID00001_5', 'ID00001_6', 'ID00001_7', 'ID00001_8', 'ID00001_9', 'ID00001_10', 'ID00001_11', 'ID00001_12', 'ID00001_13', 'ID00001_14', 'ID00001_15', 'ID00001_16', 'ID00001_17', 'ID00001_18', 'ID00001_19', 'ID00001_20', 'ID00001_21', 'ID00001_22', 'ID00001_23', 'ID00012_0', 'ID00012_1']",0,8,8,980.0,14
ID00012_0,71,['ID00011'],ID00012,1,CyberShake,Terminated,0,100000000000,1,73,1,0,0,42,44,2,73.0,1000.0,6,13.0,"['ID00000_0', 'ID00000_1', 'ID00000_2', 'ID00000_3', 'ID00000_4', 'ID00000_5', 'ID00000_6', 'ID00000_7', 'ID00000_8', 'ID00000_9', 'ID00000_10', 'ID00000_11', 'ID00000_12', 'ID00000_13', 'ID00000_14', 'ID00000_15', 'ID00000_16', 'ID00000_17', 'ID00000_18', 'ID00000_19', 'ID00000_20', 'ID00000_21', 'ID00000_22', 'ID00000_23']",3,5,2,989.0,84
ID00012_1,72,['ID00011'],ID00012,1,CyberShake,Terminated,0,100000000000,1,417,1,0,0,28,34,6,69.0,1000.0,8,20.0,"['ID00000_0', 'ID00000_1', 'ID00000_2', 'ID00000_3', 'ID00000_4', 'ID00000_5', 'ID00000_6', 'ID00000_7', 'ID00000_8', 'ID00000_9', 'ID00000_10', 'ID00000_11', 'ID00000_12', 'ID00000_13', 'ID00000_14', 'ID00000_15', 'ID00000_16', 'ID00000_17', 'ID00000_18', 'ID00000_19', 'ID00000_20', 'ID00000_21', 'ID00000_22', 'ID00000_23']",3,12,9,989.0,58
ID00013_0,73,[],ID00013,1,CyberShake,Terminated,0,100000000000,1,367,1,0,0,17,22,5,70.0,1000.0,10,24.0,"['ID00001_0', 'ID00001_1', 'ID00001_2', 'ID00001_3', 'ID00001_4', 'ID00001_5', 'ID00001_6', 'ID00001_7', 'ID00001_8', 'ID00001_9', 'ID00001_10', 'ID00001_11', 'ID00001_12', 'ID00001_13', 'ID00001_14', 'ID00001_15', 'ID00001_16', 'ID00001_17', 'ID00001_18', 'ID00001_19', 'ID00001_20', 'ID00001_21', 'ID00001_22', 'ID00001_23', 'ID00014_0', 'ID00014_1']",0,8,8,984.0,36
ID00013_1,74,[],ID00013,1,CyberShake,Terminated,0,100000000000,1,202,1,0,0,19,25,6,69.0,1000.0,6,21.0,"['ID00001_0', 'ID00001_1', 'ID00001_2', 'ID00001_3', 'ID00001_4', 'ID00001_5', 'ID00001_6', 'ID00001_7', 'ID00001_8', 'ID00001_9', 'ID00001_10', 'ID00001_11', 'ID00001_12', 'ID00001_13', 'ID00001_14', 'ID00001_15', 'ID00001_16', 'ID00001_17', 'ID00001_18', 'ID00001_19', 'ID00001_20', 'ID00001_21', 'ID00001_22', 'ID00001_23', 'ID00014_0', 'ID00014_1']",0,5,5,984.0,41
ID00014_0,75,['ID00013'],ID00014,1,CyberShake,Terminated,0,100000000000,1,74,1,0,0,40,44,4,71.0,1000.0,0,13.0,"['ID00000_0', 'ID00000_1', 'ID00000_2', 'ID00000_3', 'ID00000_4', 'ID00000_5', 'ID00000_6', 'ID00000_7', 'ID00000_8', 'ID00000_9', 'ID00000_10', 'ID00000_11', 'ID00000_12', 'ID00000_13', 'ID00000_14', 'ID00000_15', 'ID00000_16', 'ID00000_17', 'ID00000_18', 'ID00000_19', 'ID00000_20', 'ID00000_21', 'ID00000_22', 'ID00000_23']",8,10,2,989.0,80
ID00014_1,76,['ID00013'],ID00014,1,CyberShake,Terminated,0,100000000000,1,222,1,0,0,39,42,3,72.0,1000.0,11,16.0,"['ID00000_0', 'ID00000_1', 'ID00000_2', 'ID00000_3', 'ID00000_4', 'ID00000_5', 'ID00000_6', 'ID00000_7', 'ID00000_8', 'ID00000_9', 'ID00000_10', 'ID00000_11', 'ID00000_12', 'ID00000_13', 'ID00000_14', 'ID00000_15', 'ID00000_16', 'ID00000_17', 'ID00000_18', 'ID00000_19', 'ID00000_20', 'ID00000_21', 'ID00000_22', 'ID00000_23']",8,13,5,989.0,74
ID00015_0,77,[],ID00015,1,CyberShake,Terminated,0,100000000000,1,86,1,0,0,16,21,5,70.0,1000.0,3,21.0,"['ID00001_0', 'ID00001_1', 'ID00001_2', 'ID00001_3', 'ID00001_4', 'ID00001_5', 'ID00001_6', 'ID00001_7', 'ID00001_8', 'ID00001_9', 'ID00001_10', 'ID00001_11', 'ID00001_12', 'ID00001_13', 'ID00001_14', 'ID00001_15', 'ID00001_16', 'ID00001_17', 'ID00001_18', 'ID00001_19', 'ID00001_20', 'ID00001_21', 'ID00001_22', 'ID00001_23', 'ID00016_0', 'ID00016_1']",0,2,2,981.0,35
ID00015_1,78,[],ID00015,1,CyberShake,Terminated,0,100000000000,1,336,1,0,0,11,16,5,70.0,1000.0,11,27.0,"['ID00001_0', 'ID00001_1', 'ID00001_2', 'ID00001_3', 'ID00001_4', 'ID00001_5', 'ID00001_6', 'ID00001_7', 'ID00001_8', 'ID00001_9', 'ID00001_10', 'ID00001_11', 'ID00001_12', 'ID00001_13', 'ID00001_14', 'ID00001_15', 'ID00001_16', 'ID00001_17', 'ID00001_18', 'ID00001_19', 'ID00001_20', 'ID00001_21', 'ID00001_22', 'ID00001_23', 'ID00016_0', 'ID00016_1']",0,8,8,981.0,24
ID00016_0,79,['ID00015'],ID00016,1,CyberShake,Terminated,0,100000000000,1,344,1,0,0,33,38,5,70.0,1000.0,10,19.0,"['ID00000_0', 'ID00000_1', 'ID00000_2', 'ID00000_3', 'ID00000_4', 'ID00000_5', 'ID00000_6', 'ID00000_7', 'ID00000_8', 'ID00000_9', 'ID00000_10', 'ID00000_11', 'ID00000_12', 'ID00000_13', 'ID00000_14', 'ID00000_15', 'ID00000_16', 'ID00000_17', 'ID00000_18', 'ID00000_19', 'ID00000_20', 'ID00000_21', 'ID00000_22', 'ID00000_23']",2,10,8,989.0,67
ID00016_1,80,['ID00015'],ID00016,1,CyberShake,Terminated,0,100000000000,1,341,1,0,0,34,39,5,70.0,1000.0,8,19.0,"['ID00000_0', 'ID00000_1', 'ID00000_2', 'ID00000_3', 'ID00000_4', 'ID00000_5', 'ID00000_6', 'ID00000_7', 'ID00000_8', 'ID00000_9', 'ID00000_10', 'ID00000_11', 'ID00000_12', 'ID00000_13', 'ID00000_14', 'ID00000_15', 'ID00000_16', 'ID00000_17', 'ID00000_18', 'ID00000_19', 'ID00000_20', 'ID00000_21', 'ID00000_22', 'ID00000_23']",2,10,8,989.0,68
ID00017_0,81,[],ID00017,1,CyberShake,Terminated,0,100000000000,1,136,1,0,0,9,13,4,71.0,1000.0,7,25.0,"['ID00001_0', 'ID00001_1', 'ID00001_2', 'ID00001_3', 'ID00001_4', 'ID00001_5', 'ID00001_6', 'ID00001_7', 'ID00001_8', 'ID00001_9', 'ID00001_10', 'ID00001_11', 'ID00001_12', 'ID00001_13', 'ID00001_14', 'ID00001_15', 'ID00001_16', 'ID00001_17', 'ID00001_18', 'ID00001_19', 'ID00001_20', 'ID00001_21', 'ID00001_22', 'ID00001_23', 'ID00018_0', 'ID00018_1']",0,3,3,978.0,18
ID00017_1,82,[],ID00017,1,CyberShake,Terminated,0,100000000000,1,386,1,0,0,0,5,5,70.0,1000.0,10,31.0,"['ID00001_0', 'ID00001_1', 'ID00001_2', 'ID00001_3', 'ID00001_4', 'ID00001_5', 'ID00001_6', 'ID00001_7', 'ID00001_8', 'ID00001_9', 'ID00001_10', 'ID00001_11', 'ID00001_12', 'ID00001_13', 'ID00001_14', 'ID00001_15', 'ID00001_16', 'ID00001_17', 'ID00001_18', 'ID00001_19', 'ID00001_20', 'ID00001_21', 'ID00001_22', 'ID00001_23', 'ID00018_0', 'ID00018_1']",0,9,9,978.0,3
ID00018_0,83,['ID00017'],ID00018,1,CyberShake,Terminated,0,100000000000,1,470,1,0,0,19,25,6,69.0,1000.0,9,22.0,"['ID00000_0', 'ID00000_1', 'ID00000_2', 'ID00000_3', 'ID00000_4', 'ID00000_5', 'ID00000_6', 'ID00000_7', 'ID00000_8', 'ID00000_9', 'ID00000_10', 'ID00000_11', 'ID00000_12', 'ID00000_13', 'ID00000_14', 'ID00000_15', 'ID00000_16', 'ID00000_17', 'ID00000_18', 'ID00000_19', 'ID00000_20', 'ID00000_21', 'ID00000_22', 'ID00000_23']",3,14,11,989.0,40
ID00018_1,84,['ID00017'],ID00018,1,CyberShake,Terminated,0,100000000000,1,357,1,0,0,31,36,5,70.0,1000.0,9,19.0,"['ID00000_0', 'ID00000_1', 'ID00000_2', 'ID00000_3', 'ID00000_4', 'ID00000_5', 'ID00000_6', 'ID00000_7', 'ID00000_8', 'ID00000_9', 'ID00000_10', 'ID00000_11', 'ID00000_12', 'ID00000_13', 'ID00000_14', 'ID00000_15', 'ID00000_16', 'ID00000_17', 'ID00000_18', 'ID00000_19', 'ID00000_20', 'ID00000_21', 'ID00000_22', 'ID00000_23']",3,11,8,989.0,63
ID00019_0,85,[],ID00019,1,CyberShake,Terminated,0,100000000000,1,65,1,0,0,21,25,4,71.0,1000.0,3,19.0,"['ID00001_0', 'ID00001_1', 'ID00001_2', 'ID00001_3', 'ID00001_4', 'ID00001_5', 'ID00001_6', 'ID00001_7', 'ID00001_8', 'ID00001_9', 'ID00001_10', 'ID00001_11', 'ID00001_12', 'ID00001_13', 'ID00001_14', 'ID00001_15', 'ID00001_16', 'ID00001_17', 'ID00001_18', 'ID00001_19', 'ID00001_20', 'ID00001_21', 'ID00001_22', 'ID00001_23', 'ID00020_0', 'ID00020_1']",0,2,2,983.0,47
ID00019_1,86,[],ID00019,1,CyberShake,Terminated,0,100000000000,1,344,1,0,0,10,19,9,66.0,1000.0,4,25.0,"['ID00001_0', 'ID00001_1', 'ID00001_2', 'ID00001_3', 'ID00001_4', 'ID00001_5', 'ID00001_6', 'ID00001_7', 'ID00001_8', 'ID00001_9', 'ID00001_10', 'ID00001_11', 'ID00001_12', 'ID00001_13', 'ID00001_14', 'ID00001_15', 'ID00001_16', 'ID00001_17', 'ID00001_18', 'ID00001_19', 'ID00001_20', 'ID00001_21', 'ID00001_22', 'ID00001_23', 'ID00020_0', 'ID00020_1']",0,8,8,983.0,19
ID00020_0,87,['ID00019'],ID00020,1,CyberShake,Terminated,0,100000000000,1,248,1,0,0,38,42,4,71.0,1000.0,10,17.0,"['ID00000_0', 'ID00000_1', 'ID00000_2', 'ID00000_3', 'ID00000_4', 'ID00000_5', 'ID00000_6', 'ID00000_7', 'ID00000_8', 'ID00000_9', 'ID00000_10', 'ID00000_11', 'ID00000_12', 'ID00000_13', 'ID00000_14', 'ID00000_15', 'ID00000_16', 'ID00000_17', 'ID00000_18', 'ID00000_19', 'ID00000_20', 'ID00000_21', 'ID00000_22', 'ID00000_23']",2,8,6,989.0,71
ID00020_1,88,['ID00019'],ID00020,1,CyberShake,Terminated,0,100000000000,1,78,1,0,0,43,44,1,74.0,1000.0,9,13.0,"['ID00000_0', 'ID00000_1', 'ID00000_2', 'ID00000_3', 'ID00000_4', 'ID00000_5', 'ID00000_6', 'ID00000_7', 'ID00000_8', 'ID00000_9', 'ID00000_10', 'ID00000_11', 'ID00000_12', 'ID00000_13', 'ID00000_14', 'ID00000_15', 'ID00000_16', 'ID00000_17', 'ID00000_18', 'ID00000_19', 'ID00000_20', 'ID00000_21', 'ID00000_22', 'ID00000_23']",2,4,2,989.0,86
ID00021_0,89,[],ID00021,1,CyberShake,Terminated,0,100000000000,1,505,1,0,0,7,14,7,68.0,1000.0,9,28.0,"['ID00001_0', 'ID00001_1', 'ID00001_2', 'ID00001_3', 'ID00001_4', 'ID00001_5', 'ID00001_6', 'ID00001_7', 'ID00001_8', 'ID00001_9', 'ID00001_10', 'ID00001_11', 'ID00001_12', 'ID00001_13', 'ID00001_14', 'ID00001_15', 'ID00001_16', 'ID00001_17', 'ID00001_18', 'ID00001_19', 'ID00001_20', 'ID00001_21', 'ID00001_22', 'ID00001_23', 'ID00022_0', 'ID00022_1']",0,11,11,983.0,16
ID00021_1,90,[],ID00021,1,CyberShake,Terminated,0,100000000000,1,39,1,0,0,25,27,2,73.0,1000.0,3,18.0,"['ID00001_0', 'ID00001_1', 'ID00001_2', 'ID00001_3', 'ID00001_4', 'ID00001_5', 'ID00001_6', 'ID00001_7', 'ID00001_8', 'ID00001_9', 'ID00001_10', 'ID00001_11', 'ID00001_12', 'ID00001_13', 'ID00001_14', 'ID00001_15', 'ID00001_16', 'ID00001_17', 'ID00001_18', 'ID00001_19', 'ID00001_20', 'ID00001_21', 'ID00001_22', 'ID00001_23', 'ID00022_0', 'ID00022_1']",0,1,1,983.0,53
ID00022_0,91,['ID00021'],ID00022,1,CyberShake,Terminated,0,100000000000,1,239,1,0,0,27,39,12,63.0,1000.0,3,17.0,"['ID00000_0', 'ID00000_1', 'ID00000_2', 'ID00000_3', 'ID00000_4', 'ID00000_5', 'ID00000_6', 'ID00000_7', 'ID00000_8', 'ID00000_9', 'ID00000_10', 'ID00000_11', 'ID00000_12', 'ID00000_13', 'ID00000_14', 'ID00000_15', 'ID00000_16', 'ID00000_17', 'ID00000_18', 'ID00000_19', 'ID00000_20', 'ID00000_21', 'ID00000_22', 'ID00000_23']",11,17,6,989.0,56
ID00022_1,92,['ID00021'],ID00022,1,CyberShake,Terminated,0,100000000000,1,110,1,0,0,39,45,6,69.0,1000.0,3,14.0,"['ID00000_0', 'ID00000_1', 'ID00000_2', 'ID00000_3', 'ID00000_4', 'ID00000_5', 'ID00000_6', 'ID00000_7', 'ID00000_8', 'ID00000_9', 'ID00000_10', 'ID00000_11', 'ID00000_12', 'ID00000_13', 'ID00000_14', 'ID00000_15', 'ID00000_16', 'ID00000_17', 'ID00000_18', 'ID00000_19', 'ID00000_20', 'ID00000_21', 'ID00000_22', 'ID00000_23']",11,14,3,989.0,77
ID00023_0,93,[],ID00023,1,CyberShake,Terminated,0,100000000000,1,260,1,0,0,19,32,13,62.0,1000.0,1,20.0,"['ID00001_0', 'ID00001_1', 'ID00001_2', 'ID00001_3', 'ID00001_4', 'ID00001_5', 'ID00001_6', 'ID00001_7', 'ID00001_8', 'ID00001_9', 'ID00001_10', 'ID00001_11', 'ID00001_12', 'ID00001_13', 'ID00001_14', 'ID00001_15', 'ID00001_16', 'ID00001_17', 'ID00001_18', 'ID00001_19', 'ID00001_20', 'ID00001_21', 'ID00001_22', 'ID00001_23', 'ID00024_0', 'ID00024_1']",0,6,6,986.0,44
ID00023_1,94,[],ID00023,1,CyberShake,Terminated,0,100000000000,1,431,1,0,0,16,22,6,69.0,1000.0,11,24.0,"['ID00001_0', 'ID00001_1', 'ID00001_2', 'ID00001_3', 'ID00001_4', 'ID00001_5', 'ID00001_6', 'ID00001_7', 'ID00001_8', 'ID00001_9', 'ID00001_10', 'ID00001_11', 'ID00001_12', 'ID00001_13', 'ID00001_14', 'ID00001_15', 'ID00001_16', 'ID00001_17', 'ID00001_18', 'ID00001_19', 'ID00001_20', 'ID00001_21', 'ID00001_22', 'ID00001_23', 'ID00024_0', 'ID00024_1']",0,10,10,986.0,32
ID00024_0,95,['ID00023'],ID00024,1,CyberShake,Terminated,0,100000000000,1,35,1,0,0,44,45,1,74.0,1000.0,6,12.0,"['ID00000_0', 'ID00000_1', 'ID00000_2', 'ID00000_3', 'ID00000_4', 'ID00000_5', 'ID00000_6', 'ID00000_7', 'ID00000_8', 'ID00000_9', 'ID00000_10', 'ID00000_11', 'ID00000_12', 'ID00000_13', 'ID00000_14', 'ID00000_15', 'ID00000_16', 'ID00000_17', 'ID00000_18', 'ID00000_19', 'ID00000_20', 'ID00000_21', 'ID00000_22', 'ID00000_23']",6,7,1,989.0,89
ID00024_1,96,['ID00023'],ID00024,1,CyberShake,Terminated,0,100000000000,1,131,1,0,0,43,45,2,73.0,1000.0,8,14.0,"['ID00000_0', 'ID00000_1', 'ID00000_2', 'ID00000_3', 'ID00000_4', 'ID00000_5', 'ID00000_6', 'ID00000_7', 'ID00000_8', 'ID00000_9', 'ID00000_10', 'ID00000_11', 'ID00000_12', 'ID00000_13', 'ID00000_14', 'ID00000_15', 'ID00000_16', 'ID00000_17', 'ID00000_18', 'ID00000_19', 'ID00000_20', 'ID00000_21', 'ID00000_22', 'ID00000_23']",6,9,3,989.0,85
ID00025_0,97,[],ID00025,1,CyberShake,Terminated,0,100000000000,1,390,1,0,0,58,63,5,75.0,1000.0,8,9.0,[],0,9,9,1000.0,116
ID00025_1,98,[],ID00025,1,CyberShake,Terminated,0,100000000000,1,224,1,0,0,67,70,3,75.0,1000.0,9,5.0,[],0,5,5,1000.0,132
ID00025_2,99,[],ID00025,1,CyberShake,Terminated,0,100000000000,1,183,1,0,0,66,71,5,75.0,1000.0,7,4.0,[],0,4,4,1000.0,128
ID00025_3,100,[],ID00025,1,CyberShake,Terminated,0,100000000000,1,445,1,0,0,45,57,12,75.0,1000.0,5,10.0,[],0,10,10,1000.0,102
ID00026_0,101,[],ID00026,1,CyberShake,Terminated,0,100000000000,1,352,1,0,0,14,19,5,70.0,1000.0,9,24.0,"['ID00001_0', 'ID00001_1', 'ID00001_2', 'ID00001_3', 'ID00001_4', 'ID00001_5', 'ID00001_6', 'ID00001_7', 'ID00001_8', 'ID00001_9', 'ID00001_10', 'ID00001_11', 'ID00001_12', 'ID00001_13', 'ID00001_14', 'ID00001_15', 'ID00001_16', 'ID00001_17', 'ID00001_18', 'ID00001_19', 'ID00001_20', 'ID00001_21', 'ID00001_22', 'ID00001_23', 'ID00027_0', 'ID00027_1']",0,8,8,984.0,29
ID00026_1,102,[],ID00026,1,CyberShake,Terminated,0,100000000000,1,123,1,0,0,25,29,4,71.0,1000.0,6,19.0,"['ID00001_0', 'ID00001_1', 'ID00001_2', 'ID00001_3', 'ID00001_4', 'ID00001_5', 'ID00001_6', 'ID00001_7', 'ID00001_8', 'ID00001_9', 'ID00001_10', 'ID00001_11', 'ID00001_12', 'ID00001_13', 'ID00001_14', 'ID00001_15', 'ID00001_16', 'ID00001_17', 'ID00001_18', 'ID00001_19', 'ID00001_20', 'ID00001_21', 'ID00001_22', 'ID00001_23', 'ID00027_0', 'ID00027_1']",0,3,3,984.0,52
ID00027_0,103,['ID00026'],ID00027,1,CyberShake,Terminated,0,100000000000,1,225,1,0,0,40,43,3,72.0,1000.0,9,16.0,"['ID00000_0', 'ID00000_1', 'ID00000_2', 'ID00000_3', 'ID00000_4', 'ID00000_5', 'ID00000_6', 'ID00000_7', 'ID00000_8', 'ID00000_9', 'ID00000_10', 'ID00000_11', 'ID00000_12', 'ID00000_13', 'ID00000_14', 'ID00000_15', 'ID00000_16', 'ID00000_17', 'ID00000_18', 'ID00000_19', 'ID00000_20', 'ID00000_21', 'ID00000_22', 'ID00000_23']",8,13,5,989.0,78
ID00027_1,104,['ID00026'],ID00027,1,CyberShake,Terminated,0,100000000000,1,168,1,0,0,39,44,5,70.0,1000.0,7,15.0,"['ID00000_0', 'ID00000_1', 'ID00000_2', 'ID00000_3', 'ID00000_4', 'ID00000_5', 'ID00000_6', 'ID00000_7', 'ID00000_8', 'ID00000_9', 'ID00000_10', 'ID00000_11', 'ID00000_12', 'ID00000_13', 'ID00000_14', 'ID00000_15', 'ID00000_16', 'ID00000_17', 'ID00000_18', 'ID00000_19', 'ID00000_20', 'ID00000_21', 'ID00000_22', 'ID00000_23']",8,12,4,989.0,75
ID00028_0,105,[],ID00028,1,CyberShake,Terminated,0,100000000000,1,436,1,0,0,0,6,6,69.0,1000.0,11,30.0,"['ID00001_0', 'ID00001_1', 'ID00001_2', 'ID00001_3', 'ID00001_4', 'ID00001_5', 'ID00001_6', 'ID00001_7', 'ID00001_8', 'ID00001_9', 'ID00001_10', 'ID00001_11', 'ID00001_12', 'ID00001_13', 'ID00001_14', 'ID00001_15', 'ID00001_16', 'ID00001_17', 'ID00001_18', 'ID00001_19', 'ID00001_20', 'ID00001_21', 'ID00001_22', 'ID00001_23', 'ID00029_0', 'ID00029_1']",0,10,10,980.0,4
ID00028_1,106,[],ID00028,1,CyberShake,Terminated,0,100000000000,1,384,1,0,0,0,10,10,65.0,1000.0,6,29.0,"['ID00001_0', 'ID00001_1', 'ID00001_2', 'ID00001_3', 'ID00001_4', 'ID00001_5', 'ID00001_6', 'ID00001_7', 'ID00001_8', 'ID00001_9', 'ID00001_10', 'ID00001_11', 'ID00001_12', 'ID00001_13', 'ID00001_14', 'ID00001_15', 'ID00001_16', 'ID00001_17', 'ID00001_18', 'ID00001_19', 'ID00001_20', 'ID00001_21', 'ID00001_22', 'ID00001_23', 'ID00029_0', 'ID00029_1']",0,9,9,980.0,6
ID00029_0,107,['ID00028'],ID00029,1,CyberShake,Terminated,0,100000000000,1,275,1,0,0,26,40,14,61.0,1000.0,0,17.0,"['ID00000_0', 'ID00000_1', 'ID00000_2', 'ID00000_3', 'ID00000_4', 'ID00000_5', 'ID00000_6', 'ID00000_7', 'ID00000_8', 'ID00000_9', 'ID00000_10', 'ID00000_11', 'ID00000_12', 'ID00000_13', 'ID00000_14', 'ID00000_15', 'ID00000_16', 'ID00000_17', 'ID00000_18', 'ID00000_19', 'ID00000_20', 'ID00000_21', 'ID00000_22', 'ID00000_23']",10,16,6,989.0,55
ID00029_1,108,['ID00028'],ID00029,1,CyberShake,Terminated,0,100000000000,1,405,1,0,0,29,35,6,69.0,1000.0,11,20.0,"['ID00000_0', 'ID00000_1', 'ID00000_2', 'ID00000_3', 'ID00000_4', 'ID00000_5', 'ID00000_6', 'ID00000_7', 'ID00000_8', 'ID00000_9', 'ID00000_10', 'ID00000_11', 'ID00000_12', 'ID00000_13', 'ID00000_14', 'ID00000_15', 'ID00000_16', 'ID00000_17', 'ID00000_18', 'ID00000_19', 'ID00000_20', 'ID00000_21', 'ID00000_22', 'ID00000_23']",10,19,9,989.0,59
ID00030_0,109,[],ID00030,1,CyberShake,Terminated,0,100000000000,1,285,1,0,0,18,22,4,71.0,1000.0,8,23.0,"['ID00001_0', 'ID00001_1', 'ID00001_2', 'ID00001_3', 'ID00001_4', 'ID00001_5', 'ID00001_6', 'ID00001_7', 'ID00001_8', 'ID00001_9', 'ID00001_10', 'ID00001_11', 'ID00001_12', 'ID00001_13', 'ID00001_14', 'ID00001_15', 'ID00001_16', 'ID00001_17', 'ID00001_18', 'ID00001_19', 'ID00001_20', 'ID00001_21', 'ID00001_22', 'ID00001_23', 'ID00031_0', 'ID00031_1']",0,7,7,984.0,39
ID00030_1,110,[],ID00030,1,CyberShake,Terminated,0,100000000000,1,88,1,0,0,25,30,5,70.0,1000.0,2,18.0,"['ID00001_0', 'ID00001_1', 'ID00001_2', 'ID00001_3', 'ID00001_4', 'ID00001_5', 'ID00001_6', 'ID00001_7', 'ID00001_8', 'ID00001_9', 'ID00001_10', 'ID00001_11', 'ID00001_12', 'ID00001_13', 'ID00001_14', 'ID00001_15', 'ID00001_16', 'ID00001_17', 'ID00001_18', 'ID00001_19', 'ID00001_20', 'ID00001_21', 'ID00001_22', 'ID00001_23', 'ID00031_0', 'ID00031_1']",0,2,2,984.0,54
ID00031_0,111,['ID00030'],ID00031,1,CyberShake,Terminated,0,100000000000,1,214,1,0,0,30,41,11,64.0,1000.0,2,16.0,"['ID00000_0', 'ID00000_1', 'ID00000_2', 'ID00000_3', 'ID00000_4', 'ID00000_5', 'ID00000_6', 'ID00000_7', 'ID00000_8', 'ID00000_9', 'ID00000_10', 'ID00000_11', 'ID00000_12', 'ID00000_13', 'ID00000_14', 'ID00000_15', 'ID00000_16', 'ID00000_17', 'ID00000_18', 'ID00000_19', 'ID00000_20', 'ID00000_21', 'ID00000_22', 'ID00000_23']",7,12,5,989.0,62
ID00031_1,112,['ID00030'],ID00031,1,CyberShake,Terminated,0,100000000000,1,44,1,0,0,44,45,1,74.0,1000.0,11,12.0,"['ID00000_0', 'ID00000_1', 'ID00000_2', 'ID00000_3', 'ID00000_4', 'ID00000_5', 'ID00000_6', 'ID00000_7', 'ID00000_8', 'ID00000_9', 'ID00000_10', 'ID00000_11', 'ID00000_12', 'ID00000_13', 'ID00000_14', 'ID00000_15', 'ID00000_16', 'ID00000_17', 'ID00000_18', 'ID00000_19', 'ID00000_20', 'ID00000_21', 'ID00000_22', 'ID00000_23']",7,8,1,989.0,90
ID00032_0,113,[],ID00032,1,CyberShake,Terminated,0,100000000000,1,282,1,0,0,9,17,8,67.0,1000.0,5,26.0,"['ID00001_0', 'ID00001_1', 'ID00001_2', 'ID00001_3', 'ID00001_4', 'ID00001_5', 'ID00001_6', 'ID00001_7', 'ID00001_8', 'ID00001_9', 'ID00001_10', 'ID00001_11', 'ID00001_12', 'ID00001_13', 'ID00001_14', 'ID00001_15', 'ID00001_16', 'ID00001_17', 'ID00001_18', 'ID00001_19', 'ID00001_20', 'ID00001_21', 'ID00001_22', 'ID00001_23', 'ID00033_0', 'ID00033_1']",0,7,7,981.0,17
ID00032_1,114,[],ID00032,1,CyberShake,Terminated,0,100000000000,1,202,1,0,0,10,16,6,69.0,1000.0,6,24.0,"['ID00001_0', 'ID00001_1', 'ID00001_2', 'ID00001_3', 'ID00001_4', 'ID00001_5', 'ID00001_6', 'ID00001_7', 'ID00001_8', 'ID00001_9', 'ID00001_10', 'ID00001_11', 'ID00001_12', 'ID00001_13', 'ID00001_14', 'ID00001_15', 'ID00001_16', 'ID00001_17', 'ID00001_18', 'ID00001_19', 'ID00001_20', 'ID00001_21', 'ID00001_22', 'ID00001_23', 'ID00033_0', 'ID00033_1']",0,5,5,981.0,20
ID00033_0,115,['ID00032'],ID00033,1,CyberShake,Terminated,0,100000000000,1,225,1,0,0,32,44,12,63.0,1000.0,1,16.0,"['ID00000_0', 'ID00000_1', 'ID00000_2', 'ID00000_3', 'ID00000_4', 'ID00000_5', 'ID00000_6', 'ID00000_7', 'ID00000_8', 'ID00000_9', 'ID00000_10', 'ID00000_11', 'ID00000_12', 'ID00000_13', 'ID00000_14', 'ID00000_15', 'ID00000_16', 'ID00000_17', 'ID00000_18', 'ID00000_19', 'ID00000_20', 'ID00000_21', 'ID00000_22', 'ID00000_23']",7,12,5,989.0,66
ID00033_1,116,['ID00032'],ID00033,1,CyberShake,Terminated,0,100000000000,1,345,1,0,0,29,38,9,66.0,1000.0,6,19.0,"['ID00000_0', 'ID00000_1', 'ID00000_2', 'ID00000_3', 'ID00000_4', 'ID00000_5', 'ID00000_6', 'ID00000_7', 'ID00000_8', 'ID00000_9', 'ID00000_10', 'ID00000_11', 'ID00000_12', 'ID00000_13', 'ID00000_14', 'ID00000_15', 'ID00000_16', 'ID00000_17', 'ID00000_18', 'ID00000_19', 'ID00000_20', 'ID00000_21', 'ID00000_22', 'ID00000_23']",7,15,8,989.0,60
ID00034_0,117,[],ID00034,1,CyberShake,Terminated,0,100000000000,1,236,1,0,0,0,12,12,63.0,1000.0,0,28.0,"['ID00001_0', 'ID00001_1', 'ID00001_2', 'ID00001_3', 'ID00001_4', 'ID00001_5', 'ID00001_6', 'ID00001_7', 'ID00001_8', 'ID00001_9', 'ID00001_10', 'ID00001_11', 'ID00001_12', 'ID00001_13', 'ID00001_14', 'ID00001_15', 'ID00001_16', 'ID00001_17', 'ID00001_18', 'ID00001_19', 'ID00001_20', 'ID00001_21', 'ID00001_22', 'ID00001_23', 'ID00035_0', 'ID00035_1']",0,6,6,978.0,9
ID00034_1,118,[],ID00034,1,CyberShake,Terminated,0,100000000000,1,30,1,0,0,14,16,2,73.0,1000.0,3,23.0,"['ID00001_0', 'ID00001_1', 'ID00001_2', 'ID00001_3', 'ID00001_4', 'ID00001_5', 'ID00001_6', 'ID00001_7', 'ID00001_8', 'ID00001_9', 'ID00001_10', 'ID00001_11', 'ID00001_12', 'ID00001_13', 'ID00001_14', 'ID00001_15', 'ID00001_16', 'ID00001_17', 'ID00001_18', 'ID00001_19', 'ID00001_20', 'ID00001_21', 'ID00001_22', 'ID00001_23', 'ID00035_0', 'ID00035_1']",0,1,1,978.0,30
ID00035_0,119,['ID00034'],ID00035,1,CyberShake,Terminated,0,100000000000,1,470,1,0,0,22,28,6,69.0,1000.0,8,22.0,"['ID00000_0', 'ID00000_1', 'ID00000_2', 'ID00000_3', 'ID00000_4', 'ID00000_5', 'ID00000_6', 'ID00000_7', 'ID00000_8', 'ID00000_9', 'ID00000_10', 'ID00000_11', 'ID00000_12', 'ID00000_13', 'ID00000_14', 'ID00000_15', 'ID00000_16', 'ID00000_17', 'ID00000_18', 'ID00000_19', 'ID00000_20', 'ID00000_21', 'ID00000_22', 'ID00000_23']",6,17,11,989.0,48
ID00035_1,120,['ID00034'],ID00035,1,CyberShake,Terminated,0,100000000000,1,142,1,0,0,39,43,4,71.0,1000.0,4,15.0,"['ID00000_0', 'ID00000_1', 'ID00000_2', 'ID00000_3', 'ID00000_4', 'ID00000_5', 'ID00000_6', 'ID00000_7', 'ID00000_8', 'ID00000_9', 'ID00000_10', 'ID00000_11', 'ID00000_12', 'ID00000_13', 'ID00000_14', 'ID00000_15', 'ID00000_16', 'ID00000_17', 'ID00000_18', 'ID00000_19', 'ID00000_20', 'ID00000_21', 'ID00000_22', 'ID00000_23']",6,10,4,989.0,76
ID00036_0,121,[],ID00036,1,CyberShake,Terminated,0,100000000000,1,88,1,0,0,11,16,5,70.0,1000.0,2,23.0,"['ID00001_0', 'ID00001_1', 'ID00001_2', 'ID00001_3', 'ID00001_4', 'ID00001_5', 'ID00001_6', 'ID00001_7', 'ID00001_8', 'ID00001_9', 'ID00001_10', 'ID00001_11', 'ID00001_12', 'ID00001_13', 'ID00001_14', 'ID00001_15', 'ID00001_16', 'ID00001_17', 'ID00001_18', 'ID00001_19', 'ID00001_20', 'ID00001_21', 'ID00001_22', 'ID00001_23', 'ID00037_0', 'ID00037_1']",0,2,2,979.0,25
ID00036_1,122,[],ID00036,1,CyberShake,Terminated,0,100000000000,1,352,1,0,0,0,9,9,66.0,1000.0,5,29.0,"['ID00001_0', 'ID00001_1', 'ID00001_2', 'ID00001_3', 'ID00001_4', 'ID00001_5', 'ID00001_6', 'ID00001_7', 'ID00001_8', 'ID00001_9', 'ID00001_10', 'ID00001_11', 'ID00001_12', 'ID00001_13', 'ID00001_14', 'ID00001_15', 'ID00001_16', 'ID00001_17', 'ID00001_18', 'ID00001_19', 'ID00001_20', 'ID00001_21', 'ID00001_22', 'ID00001_23', 'ID00037_0', 'ID00037_1']",0,8,8,979.0,7
ID00037_0,123,['ID00036'],ID00037,1,CyberShake,Terminated,0,100000000000,1,32,1,0,0,44,45,1,74.0,1000.0,7,12.0,"['ID00000_0', 'ID00000_1', 'ID00000_2', 'ID00000_3', 'ID00000_4', 'ID00000_5', 'ID00000_6', 'ID00000_7', 'ID00000_8', 'ID00000_9', 'ID00000_10', 'ID00000_11', 'ID00000_12', 'ID00000_13', 'ID00000_14', 'ID00000_15', 'ID00000_16', 'ID00000_17', 'ID00000_18', 'ID00000_19', 'ID00000_20', 'ID00000_21', 'ID00000_22', 'ID00000_23']",2,3,1,989.0,91
ID00037_1,124,['ID00036'],ID00037,1,CyberShake,Terminated,0,100000000000,1,436,1,0,0,19,30,11,64.0,1000.0,7,21.0,"['ID00000_0', 'ID00000_1', 'ID00000_2', 'ID00000_3', 'ID00000_4', 'ID00000_5', 'ID00000_6', 'ID00000_7', 'ID00000_8', 'ID00000_9', 'ID00000_10', 'ID00000_11', 'ID00000_12', 'ID00000_13', 'ID00000_14', 'ID00000_15', 'ID00000_16', 'ID00000_17', 'ID00000_18', 'ID00000_19', 'ID00000_20', 'ID00000_21', 'ID00000_22', 'ID00000_23']",2,12,10,989.0,42
ID00038_0,125,[],ID00038,1,CyberShake,Terminated,0,100000000000,1,67,1,0,0,10,14,4,71.0,1000.0,3,24.0,"['ID00001_0', 'ID00001_1', 'ID00001_2', 'ID00001_3', 'ID00001_4', 'ID00001_5', 'ID00001_6', 'ID00001_7', 'ID00001_8', 'ID00001_9', 'ID00001_10', 'ID00001_11', 'ID00001_12', 'ID00001_13', 'ID00001_14', 'ID00001_15', 'ID00001_16', 'ID00001_17', 'ID00001_18', 'ID00001_19', 'ID00001_20', 'ID00001_21', 'ID00001_22', 'ID00001_23', 'ID00039_0', 'ID00039_1']",0,2,2,978.0,21
ID00038_1,126,[],ID00038,1,CyberShake,Terminated,0,100000000000,1,83,1,0,0,10,15,5,70.0,1000.0,1,24.0,"['ID00001_0', 'ID00001_1', 'ID00001_2', 'ID00001_3', 'ID00001_4', 'ID00001_5', 'ID00001_6', 'ID00001_7', 'ID00001_8', 'ID00001_9', 'ID00001_10', 'ID00001_11', 'ID00001_12', 'ID00001_13', 'ID00001_14', 'ID00001_15', 'ID00001_16', 'ID00001_17', 'ID00001_18', 'ID00001_19', 'ID00001_20', 'ID00001_21', 'ID00001_22', 'ID00001_23', 'ID00039_0', 'ID00039_1']",0,2,2,978.0,22
ID00039_0,127,['ID00038'],ID00039,1,CyberShake,Terminated,0,100000000000,1,26,1,0,0,44,45,1,74.0,1000.0,5,12.0,"['ID00000_0', 'ID00000_1', 'ID00000_2', 'ID00000_3', 'ID00000_4', 'ID00000_5', 'ID00000_6', 'ID00000_7', 'ID00000_8', 'ID00000_9', 'ID00000_10', 'ID00000_11', 'ID00000_12', 'ID00000_13', 'ID00000_14', 'ID00000_15', 'ID00000_16', 'ID00000_17', 'ID00000_18', 'ID00000_19', 'ID00000_20', 'ID00000_21', 'ID00000_22', 'ID00000_23']",2,3,1,989.0,92
ID00039_1,128,['ID00038'],ID00039,1,CyberShake,Terminated,0,100000000000,1,493,1,0,0,22,29,7,68.0,1000.0,11,22.0,"['ID00000_0', 'ID00000_1', 'ID00000_2', 'ID00000_3', 'ID00000_4', 'ID00000_5', 'ID00000_6', 'ID00000_7', 'ID00000_8', 'ID00000_9', 'ID00000_10', 'ID00000_11', 'ID00000_12', 'ID00000_13', 'ID00000_14', 'ID00000_15', 'ID00000_16', 'ID00000_17', 'ID00000_18', 'ID00000_19', 'ID00000_20', 'ID00000_21', 'ID00000_22', 'ID00000_23']",2,13,11,989.0,49
ID00040_0,129,[],ID00040,1,CyberShake,Terminated,0,100000000000,1,84,1,0,0,12,17,5,70.0,1000.0,0,23.0,"['ID00001_0', 'ID00001_1', 'ID00001_2', 'ID00001_3', 'ID00001_4', 'ID00001_5', 'ID00001_6', 'ID00001_7', 'ID00001_8', 'ID00001_9', 'ID00001_10', 'ID00001_11', 'ID00001_12', 'ID00001_13', 'ID00001_14', 'ID00001_15', 'ID00001_16', 'ID00001_17', 'ID00001_18', 'ID00001_19', 'ID00001_20', 'ID00001_21', 'ID00001_22', 'ID00001_23', 'ID00041_0', 'ID00041_1']",0,2,2,979.0,27
ID00040_1,130,[],ID00040,1,CyberShake,Terminated,0,100000000000,1,492,1,0,0,0,7,7,68.0,1000.0,9,32.0,"['ID00001_0', 'ID00001_1', 'ID00001_2', 'ID00001_3', 'ID00001_4', 'ID00001_5', 'ID00001_6', 'ID00001_7', 'ID00001_8', 'ID00001_9', 'ID00001_10', 'ID00001_11', 'ID00001_12', 'ID00001_13', 'ID00001_14', 'ID00001_15', 'ID00001_16', 'ID00001_17', 'ID00001_18', 'ID00001_19', 'ID00001_20', 'ID00001_21', 'ID00001_22', 'ID00001_23', 'ID00041_0', 'ID00041_1']",0,11,11,979.0,2
ID00041_0,131,['ID00040'],ID00041,1,CyberShake,Terminated,0,100000000000,1,457,1,0,0,25,31,6,69.0,1000.0,9,21.0,"['ID00000_0', 'ID00000_1', 'ID00000_2', 'ID00000_3', 'ID00000_4', 'ID00000_5', 'ID00000_6', 'ID00000_7', 'ID00000_8', 'ID00000_9', 'ID00000_10', 'ID00000_11', 'ID00000_12', 'ID00000_13', 'ID00000_14', 'ID00000_15', 'ID00000_16', 'ID00000_17', 'ID00000_18', 'ID00000_19', 'ID00000_20', 'ID00000_21', 'ID00000_22', 'ID00000_23']",2,12,10,989.0,51
ID00041_1,132,['ID00040'],ID00041,1,CyberShake,Terminated,0,100000000000,1,296,1,0,0,31,39,8,67.0,1000.0,4,18.0,"['ID00000_0', 'ID00000_1', 'ID00000_2', 'ID00000_3', 'ID00000_4', 'ID00000_5', 'ID00000_6', 'ID00000_7', 'ID00000_8', 'ID00000_9', 'ID00000_10', 'ID00000_11', 'ID00000_12', 'ID00000_13', 'ID00000_14', 'ID00000_15', 'ID00000_16', 'ID00000_17', 'ID00000_18', 'ID00000_19', 'ID00000_20', 'ID00000_21', 'ID00000_22', 'ID00000_23']",2,9,7,989.0,64
ID00042_0,133,[],ID00042,1,CyberShake,Terminated,0,100000000000,1,187,1,0,0,0,10,10,65.0,1000.0,1,27.0,"['ID00001_0', 'ID00001_1', 'ID00001_2', 'ID00001_3', 'ID00001_4', 'ID00001_5', 'ID00001_6', 'ID00001_7', 'ID00001_8', 'ID00001_9', 'ID00001_10', 'ID00001_11', 'ID00001_12', 'ID00001_13', 'ID00001_14', 'ID00001_15', 'ID00001_16', 'ID00001_17', 'ID00001_18', 'ID00001_19', 'ID00001_20', 'ID00001_21', 'ID00001_22', 'ID00001_23', 'ID00043_0', 'ID00043_1']",0,5,5,978.0,10
ID00042_1,134,[],ID00042,1,CyberShake,Terminated,0,100000000000,1,498,1,0,0,0,7,7,68.0,1000.0,8,33.0,"['ID00001_0', 'ID00001_1', 'ID00001_2', 'ID00001_3', 'ID00001_4', 'ID00001_5', 'ID00001_6', 'ID00001_7', 'ID00001_8', 'ID00001_9', 'ID00001_10', 'ID00001_11', 'ID00001_12', 'ID00001_13', 'ID00001_14', 'ID00001_15', 'ID00001_16', 'ID00001_17', 'ID00001_18', 'ID00001_19', 'ID00001_20', 'ID00001_21', 'ID00001_22', 'ID00001_23', 'ID00043_0', 'ID00043_1']",0,11,11,978.0,1
ID00043_0,135,['ID00042'],ID00043,1,CyberShake,Terminated,0,100000000000,1,467,1,0,0,22,28,6,69.0,1000.0,10,22.0,"['ID00000_0', 'ID00000_1', 'ID00000_2', 'ID00000_3', 'ID00000_4', 'ID00000_5', 'ID00000_6', 'ID00000_7', 'ID00000_8', 'ID00000_9', 'ID00000_10', 'ID00000_11', 'ID00000_12', 'ID00000_13', 'ID00000_14', 'ID00000_15', 'ID00000_16', 'ID00000_17', 'ID00000_18', 'ID00000_19', 'ID00000_20', 'ID00000_21', 'ID00000_22', 'ID00000_23']",5,16,11,989.0,50
ID00043_1,136,['ID00042'],ID00043,1,CyberShake,Terminated,0,100000000000,1,152,1,0,0,40,44,4,71.0,1000.0,5,15.0,"['ID00000_0', 'ID00000_1', 'ID00000_2', 'ID00000_3', 'ID00000_4', 'ID00000_5', 'ID00000_6', 'ID00000_7', 'ID00000_8', 'ID00000_9', 'ID00000_10', 'ID00000_11', 'ID00000_12', 'ID00000_13', 'ID00000_14', 'ID00000_15', 'ID00000_16', 'ID00000_17', 'ID00000_18', 'ID00000_19', 'ID00000_20', 'ID00000_21', 'ID00000_22', 'ID00000_23']",5,9,4,989.0,79
ID00044_0,137,[],ID00044,1,CyberShake,Terminated,0,100000000000,1,327,1,0,0,0,9,9,66.0,1000.0,7,29.0,"['ID00001_0', 'ID00001_1', 'ID00001_2', 'ID00001_3', 'ID00001_4', 'ID00001_5', 'ID00001_6', 'ID00001_7', 'ID00001_8', 'ID00001_9', 'ID00001_10', 'ID00001_11', 'ID00001_12', 'ID00001_13', 'ID00001_14', 'ID00001_15', 'ID00001_16', 'ID00001_17', 'ID00001_18', 'ID00001_19', 'ID00001_20', 'ID00001_21', 'ID00001_22', 'ID00001_23', 'ID00045_0', 'ID00045_1']",0,8,8,979.0,8
ID00044_1,138,[],ID00044,1,CyberShake,Terminated,0,100000000000,1,388,1,0,0,0,10,10,65.0,1000.0,4,30.0,"['ID00001_0', 'ID00001_1', 'ID00001_2', 'ID00001_3', 'ID00001_4', 'ID00001_5', 'ID00001_6', 'ID00001_7', 'ID00001_8', 'ID00001_9', 'ID00001_10', 'ID00001_11', 'ID00001_12', 'ID00001_13', 'ID00001_14', 'ID00001_15', 'ID00001_16', 'ID00001_17', 'ID00001_18', 'ID00001_19', 'ID00001_20', 'ID00001_21', 'ID00001_22', 'ID00001_23', 'ID00045_0', 'ID00045_1']",0,9,9,979.0,5
ID00045_0,139,['ID00044'],ID00045,1,CyberShake,Terminated,0,100000000000,1,308,1,0,0,32,40,8,67.0,1000.0,5,18.0,"['ID00000_0', 'ID00000_1', 'ID00000_2', 'ID00000_3', 'ID00000_4', 'ID00000_5', 'ID00000_6', 'ID00000_7', 'ID00000_8', 'ID00000_9', 'ID00000_10', 'ID00000_11', 'ID00000_12', 'ID00000_13', 'ID00000_14', 'ID00000_15', 'ID00000_16', 'ID00000_17', 'ID00000_18', 'ID00000_19', 'ID00000_20', 'ID00000_21', 'ID00000_22', 'ID00000_23']",8,15,7,989.0,65
ID00045_1,140,['ID00044'],ID00045,1,CyberShake,Terminated,0,100000000000,1,454,1,0,0,19,31,12,63.0,1000.0,4,21.0,"['ID00000_0', 'ID00000_1', 'ID00000_2', 'ID00000_3', 'ID00000_4', 'ID00000_5', 'ID00000_6', 'ID00000_7', 'ID00000_8', 'ID00000_9', 'ID00000_10', 'ID00000_11', 'ID00000_12', 'ID00000_13', 'ID00000_14', 'ID00000_15', 'ID00000_16', 'ID00000_17', 'ID00000_18', 'ID00000_19', 'ID00000_20', 'ID00000_21', 'ID00000_22', 'ID00000_23']",8,18,10,989.0,43
ID00046_0,141,[],ID00046,1,CyberShake,Terminated,0,100000000000,1,190,1,0,0,0,10,10,65.0,1000.0,3,26.0,"['ID00001_0', 'ID00001_1', 'ID00001_2', 'ID00001_3', 'ID00001_4', 'ID00001_5', 'ID00001_6', 'ID00001_7', 'ID00001_8', 'ID00001_9', 'ID00001_10', 'ID00001_11', 'ID00001_12', 'ID00001_13', 'ID00001_14', 'ID00001_15', 'ID00001_16', 'ID00001_17', 'ID00001_18', 'ID00001_19', 'ID00001_20', 'ID00001_21', 'ID00001_22', 'ID00001_23', 'ID00047_0', 'ID00047_1']",0,5,5,979.0,11
ID00046_1,142,[],ID00046,1,CyberShake,Terminated,0,100000000000,1,201,1,0,0,0,11,11,64.0,1000.0,2,26.0,"['ID00001_0', 'ID00001_1', 'ID00001_2', 'ID00001_3', 'ID00001_4', 'ID00001_5', 'ID00001_6', 'ID00001_7', 'ID00001_8', 'ID00001_9', 'ID00001_10', 'ID00001_11', 'ID00001_12', 'ID00001_13', 'ID00001_14', 'ID00001_15', 'ID00001_16', 'ID00001_17', 'ID00001_18', 'ID00001_19', 'ID00001_20', 'ID00001_21', 'ID00001_22', 'ID00001_23', 'ID00047_0', 'ID00047_1']",0,5,5,979.0,12
ID00047_0,143,['ID00046'],ID00047,1,CyberShake,Terminated,0,100000000000,1,59,1,0,0,43,45,2,73.0,1000.0,4,13.0,"['ID00000_0', 'ID00000_1', 'ID00000_2', 'ID00000_3', 'ID00000_4', 'ID00000_5', 'ID00000_6', 'ID00000_7', 'ID00000_8', 'ID00000_9', 'ID00000_10', 'ID00000_11', 'ID00000_12', 'ID00000_13', 'ID00000_14', 'ID00000_15', 'ID00000_16', 'ID00000_17', 'ID00000_18', 'ID00000_19', 'ID00000_20', 'ID00000_21', 'ID00000_22', 'ID00000_23']",5,7,2,989.0,87
ID00047_1,144,['ID00046'],ID00047,1,CyberShake,Terminated,0,100000000000,1,462,1,0,0,20,32,12,63.0,1000.0,5,21.0,"['ID00000_0', 'ID00000_1', 'ID00000_2', 'ID00000_3', 'ID00000_4', 'ID00000_5', 'ID00000_6', 'ID00000_7', 'ID00000_8', 'ID00000_9', 'ID00000_10', 'ID00000_11', 'ID00000_12', 'ID00000_13', 'ID00000_14', 'ID00000_15', 'ID00000_16', 'ID00000_17', 'ID00000_18', 'ID00000_19', 'ID00000_20', 'ID00000_21', 'ID00000_22', 'ID00000_23']",5,15,10,989.0,45
ID00048_0,145,[],ID00048,1,CyberShake,Terminated,0,100000000000,1,445,1,0,0,11,17,6,69.0,1000.0,10,28.0,"['ID00001_0', 'ID00001_1', 'ID00001_2', 'ID00001_3', 'ID00001_4', 'ID00001_5', 'ID00001_6', 'ID00001_7', 'ID00001_8', 'ID00001_9', 'ID00001_10', 'ID00001_11', 'ID00001_12', 'ID00001_13', 'ID00001_14', 'ID00001_15', 'ID00001_16', 'ID00001_17', 'ID00001_18', 'ID00001_19', 'ID00001_20', 'ID00001_21', 'ID00001_22', 'ID00001_23', 'ID00049_0', 'ID00049_1']",0,10,10,982.0,23
ID00048_1,146,[],ID00048,1,CyberShake,Terminated,0,100000000000,1,78,1,0,0,17,21,4,71.0,1000.0,0,20.0,"['ID00001_0', 'ID00001_1', 'ID00001_2', 'ID00001_3', 'ID00001_4', 'ID00001_5', 'ID00001_6', 'ID00001_7', 'ID00001_8', 'ID00001_9', 'ID00001_10', 'ID00001_11', 'ID00001_12', 'ID00001_13', 'ID00001_14', 'ID00001_15', 'ID00001_16', 'ID00001_17', 'ID00001_18', 'ID00001_19', 'ID00001_20', 'ID00001_21', 'ID00001_22', 'ID00001_23', 'ID00049_0', 'ID00049_1']",0,2,2,982.0,38
ID00049_0,147,['ID00048'],ID00049,1,CyberShake,Terminated,0,100000000000,1,287,1,0,0,35,39,4,71.0,1000.0,11,18.0,"['ID00000_0', 'ID00000_1', 'ID00000_2', 'ID00000_3', 'ID00000_4', 'ID00000_5', 'ID00000_6', 'ID00000_7', 'ID00000_8', 'ID00000_9', 'ID00000_10', 'ID00000_11', 'ID00000_12', 'ID00000_13', 'ID00000_14', 'ID00000_15', 'ID00000_16', 'ID00000_17', 'ID00000_18', 'ID00000_19', 'ID00000_20', 'ID00000_21', 'ID00000_22', 'ID00000_23']",10,17,7,989.0,69
ID00049_1,148,['ID00048'],ID00049,1,CyberShake,Terminated,0,100000000000,1,74,1,0,0,44,45,1,74.0,1000.0,9,13.0,"['ID00000_0', 'ID00000_1', 'ID00000_2', 'ID00000_3', 'ID00000_4', 'ID00000_5', 'ID00000_6', 'ID00000_7', 'ID00000_8', 'ID00000_9', 'ID00000_10', 'ID00000_11', 'ID00000_12', 'ID00000_13', 'ID00000_14', 'ID00000_15', 'ID00000_16', 'ID00000_17', 'ID00000_18', 'ID00000_19', 'ID00000_20', 'ID00000_21', 'ID00000_22', 'ID00000_23']",10,12,2,989.0,88
