task_id,Unnamed: 0,parents,job_id,instances_num,task_type,status,start_time,end_time,cpu,memory,duration,submit_time,disk,EST,EFT,MET,LFT,AST,VmId,ru,children,initial_EST,initial_EFT,initial_MET,initial_LFT,rankScore
ID00000_0,0,"['ID00006', 'ID00039', 'ID00016', 'ID00027', 'ID00049', 'ID00004', 'ID00037', 'ID00014', 'ID00025', 'ID00047', 'ID00008', 'ID00018', 'ID00029', 'ID00020', 'ID00031', 'ID00041', 'ID00035', 'ID00012', 'ID00045', 'ID00022', 'ID00033', 'ID00010', 'ID00043']",ID00000,1,CyberShake,Terminated,0,100000000000,1,471,1,0,0,50,56,6,80.0,1000.0,11,11.0,[],22,33,11,1000.0,99
ID00000_1,1,"['ID00006', 'ID00039', 'ID00016', 'ID00027', 'ID00049', 'ID00004', 'ID00037', 'ID00014', 'ID00025', 'ID00047', 'ID00008', 'ID00018', 'ID00029', 'ID00020', 'ID00031', 'ID00041', 'ID00035', 'ID00012', 'ID00045', 'ID00022', 'ID00033', 'ID00010', 'ID00043']",ID00000,1,CyberShake,Terminated,0,100000000000,1,247,1,0,0,72,76,4,80.0,1000.0,11,6.0,[],22,28,6,1000.0,128
ID00000_2,2,"['ID00006', 'ID00039', 'ID00016', 'ID00027', 'ID00049', 'ID00004', 'ID00037', 'ID00014', 'ID00025', 'ID00047', 'ID00008', 'ID00018', 'ID00029', 'ID00020', 'ID00031', 'ID00041', 'ID00035', 'ID00012', 'ID00045', 'ID00022', 'ID00033', 'ID00010', 'ID00043']",ID00000,1,CyberShake,Terminated,0,100000000000,1,469,1,0,0,50,56,6,80.0,1000.0,9,11.0,[],22,33,11,1000.0,100
ID00000_3,3,"['ID00006', 'ID00039', 'ID00016', 'ID00027', 'ID00049', 'ID00004', 'ID00037', 'ID00014', 'ID00025', 'ID00047', 'ID00008', 'ID00018', 'ID00029', 'ID00020', 'ID00031', 'ID00041', 'ID00035', 'ID00012', 'ID00045', 'ID00022', 'ID00033', 'ID00010', 'ID00043']",ID00000,1,CyberShake,Terminated,0,100000000000,1,447,1,0,0,62,68,6,80.0,1000.0,9,10.0,[],22,32,10,1000.0,113
ID00000_4,4,"['ID00006', 'ID00039', 'ID00016', 'ID00027', 'ID00049', 'ID00004', 'ID00037', 'ID00014', 'ID00025', 'ID00047', 'ID00008', 'ID00018', 'ID00029', 'ID00020', 'ID00031', 'ID00041', 'ID00035', 'ID00012', 'ID00045', 'ID00022', 'ID00033', 'ID00010', 'ID00043']",ID00000,1,CyberShake,Terminated,0,100000000000,1,485,1,0,0,50,63,13,80.0,1000.0,5,11.0,[],22,33,11,1000.0,101
ID00000_5,5,"['ID00006', 'ID00039', 'ID00016', 'ID00027', 'ID00049', 'ID00004', 'ID00037', 'ID00014', 'ID00025', 'ID00047', 'ID00008', 'ID00018', 'ID00029', 'ID00020', 'ID00031', 'ID00041', 'ID00035', 'ID00012', 'ID00045', 'ID00022', 'ID00033', 'ID00010', 'ID00043']",ID00000,1,CyberShake,Terminated,0,100000000000,1,436,1,0,0,62,68,6,80.0,1000.0,11,10.0,[],22,32,10,1000.0,114
ID00000_6,6,"['ID00006', 'ID00039', 'ID00016', 'ID00027', 'ID00049', 'ID00004', 'ID00037', 'ID00014', 'ID00025', 'ID00047', 'ID00008', 'ID00018', 'ID00029', 'ID00020', 'ID00031', 'ID00041', 'ID00035', 'ID00012', 'ID00045', 'ID00022', 'ID00033', 'ID00010', 'ID00043']",ID00000,1,CyberShake,Terminated,0,100000000000,1,303,1,0,0,67,71,4,80.0,1000.0,10,7.0,[],22,29,7,1000.0,117
ID00000_7,7,"['ID00006', 'ID00039', 'ID00016', 'ID00027', 'ID00049', 'ID00004', 'ID00037', 'ID00014', 'ID00025', 'ID00047', 'ID00008', 'ID00018', 'ID00029', 'ID00020', 'ID00031', 'ID00041', 'ID00035', 'ID00012', 'ID00045', 'ID00022', 'ID00033', 'ID00010', 'ID00043']",ID00000,1,CyberShake,Terminated,0,100000000000,1,29,1,0,0,78,79,1,80.0,1000.0,4,1.0,[],22,23,1,1000.0,144
ID00000_8,8,"['ID00006', 'ID00039', 'ID00016', 'ID00027', 'ID00049', 'ID00004', 'ID00037', 'ID00014', 'ID00025', 'ID00047', 'ID00008', 'ID00018', 'ID00029', 'ID00020', 'ID00031', 'ID00041', 'ID00035', 'ID00012', 'ID00045', 'ID00022', 'ID00033', 'ID00010', 'ID00043']",ID00000,1,CyberShake,Terminated,0,100000000000,1,471,1,0,0,50,56,6,80.0,1000.0,8,11.0,[],22,33,11,1000.0,102
ID00000_9,9,"['ID00006', 'ID00039', 'ID00016', 'ID00027', 'ID00049', 'ID00004', 'ID00037', 'ID00014', 'ID00025', 'ID00047', 'ID00008', 'ID00018', 'ID00029', 'ID00020', 'ID00031', 'ID00041', 'ID00035', 'ID00012', 'ID00045', 'ID00022', 'ID00033', 'ID00010', 'ID00043']",ID00000,1,CyberShake,Terminated,0,100000000000,1,383,1,0,0,60,70,10,80.0,1000.0,6,9.0,[],22,31,9,1000.0,109
ID00000_10,10,"['ID00006', 'ID00039', 'ID00016', 'ID00027', 'ID00049', 'ID00004', 'ID00037', 'ID00014', 'ID00025', 'ID00047', 'ID00008', 'ID00018', 'ID00029', 'ID00020', 'ID00031', 'ID00041', 'ID00035', 'ID00012', 'ID00045', 'ID00022', 'ID00033', 'ID00010', 'ID00043']",ID00000,1,CyberShake,Terminated,0,100000000000,1,250,1,0,0,72,76,4,80.0,1000.0,9,6.0,[],22,28,6,1000.0,129
ID00000_11,11,"['ID00006', 'ID00039', 'ID00016', 'ID00027', 'ID00049', 'ID00004', 'ID00037', 'ID00014', 'ID00025', 'ID00047', 'ID00008', 'ID00018', 'ID00029', 'ID00020', 'ID00031', 'ID00041', 'ID00035', 'ID00012', 'ID00045', 'ID00022', 'ID00033', 'ID00010', 'ID00043']",ID00000,1,CyberShake,Terminated,0,100000000000,1,390,1,0,0,50,70,20,80.0,1000.0,1,9.0,[],22,31,9,1000.0,103
ID00000_12,12,"['ID00006', 'ID00039', 'ID00016', 'ID00027', 'ID00049', 'ID00004', 'ID00037', 'ID00014', 'ID00025', 'ID00047', 'ID00008', 'ID00018', 'ID00029', 'ID00020', 'ID00031', 'ID00041', 'ID00035', 'ID00012', 'ID00045', 'ID00022', 'ID00033', 'ID00010', 'ID00043']",ID00000,1,CyberShake,Terminated,0,100000000000,1,345,1,0,0,61,70,9,80.0,1000.0,7,8.0,[],22,30,8,1000.0,112
ID00000_13,13,"['ID00006', 'ID00039', 'ID00016', 'ID00027', 'ID00049', 'ID00004', 'ID00037', 'ID00014', 'ID00025', 'ID00047', 'ID00008', 'ID00018', 'ID00029', 'ID00020', 'ID00031', 'ID00041', 'ID00035', 'ID00012', 'ID00045', 'ID00022', 'ID00033', 'ID00010', 'ID00043']",ID00000,1,CyberShake,Terminated,0,100000000000,1,169,1,0,0,75,78,3,80.0,1000.0,10,4.0,[],22,26,4,1000.0,133
ID00000_14,14,"['ID00006', 'ID00039', 'ID00016', 'ID00027', 'ID00049', 'ID00004', 'ID00037', 'ID00014', 'ID00025', 'ID00047', 'ID00008', 'ID00018', 'ID00029', 'ID00020', 'ID00031', 'ID00041', 'ID00035', 'ID00012', 'ID00045', 'ID00022', 'ID00033', 'ID00010', 'ID00043']",ID00000,1,CyberShake,Terminated,0,100000000000,1,233,1,0,0,70,76,6,80.0,1000.0,7,5.0,[],22,27,5,1000.0,124
ID00000_15,15,"['ID00006', 'ID00039', 'ID00016', 'ID00027', 'ID00049', 'ID00004', 'ID00037', 'ID00014', 'ID00025', 'ID00047', 'ID00008', 'ID00018', 'ID00029', 'ID00020', 'ID00031', 'ID00041', 'ID00035', 'ID00012', 'ID00045', 'ID00022', 'ID00033', 'ID00010', 'ID00043']",ID00000,1,CyberShake,Terminated,0,100000000000,1,160,1,0,0,68,76,8,80.0,1000.0,0,4.0,[],22,26,4,1000.0,121
ID00000_16,16,"['ID00006', 'ID00039', 'ID00016', 'ID00027', 'ID00049', 'ID00004', 'ID00037', 'ID00014', 'ID00025', 'ID00047', 'ID00008', 'ID00018', 'ID00029', 'ID00020', 'ID00031', 'ID00041', 'ID00035', 'ID00012', 'ID00045', 'ID00022', 'ID00033', 'ID00010', 'ID00043']",ID00000,1,CyberShake,Terminated,0,100000000000,1,132,1,0,0,71,78,7,80.0,1000.0,3,3.0,[],22,25,3,1000.0,127
ID00000_17,17,"['ID00006', 'ID00039', 'ID00016', 'ID00027', 'ID00049', 'ID00004', 'ID00037', 'ID00014', 'ID00025', 'ID00047', 'ID00008', 'ID00018', 'ID00029', 'ID00020', 'ID00031', 'ID00041', 'ID00035', 'ID00012', 'ID00045', 'ID00022', 'ID00033', 'ID00010', 'ID00043']",ID00000,1,CyberShake,Terminated,0,100000000000,1,174,1,0,0,70,79,9,80.0,1000.0,1,4.0,[],22,26,4,1000.0,125
ID00000_18,18,"['ID00006', 'ID00039', 'ID00016', 'ID00027', 'ID00049', 'ID00004', 'ID00037', 'ID00014', 'ID00025', 'ID00047', 'ID00008', 'ID00018', 'ID00029', 'ID00020', 'ID00031', 'ID00041', 'ID00035', 'ID00012', 'ID00045', 'ID00022', 'ID00033', 'ID00010', 'ID00043']",ID00000,1,CyberShake,Terminated,0,100000000000,1,291,1,0,0,68,72,4,80.0,1000.0,8,7.0,[],22,29,7,1000.0,118
ID00000_19,19,"['ID00006', 'ID00039', 'ID00016', 'ID00027', 'ID00049', 'ID00004', 'ID00037', 'ID00014', 'ID00025', 'ID00047', 'ID00008', 'ID00018', 'ID00029', 'ID00020', 'ID00031', 'ID00041', 'ID00035', 'ID00012', 'ID00045', 'ID00022', 'ID00033', 'ID00010', 'ID00043']",ID00000,1,CyberShake,Terminated,0,100000000000,1,401,1,0,0,50,71,21,80.0,1000.0,3,9.0,[],22,31,9,1000.0,104
ID00000_20,20,"['ID00006', 'ID00039', 'ID00016', 'ID00027', 'ID00049', 'ID00004', 'ID00037', 'ID00014', 'ID00025', 'ID00047', 'ID00008', 'ID00018', 'ID00029', 'ID00020', 'ID00031', 'ID00041', 'ID00035', 'ID00012', 'ID00045', 'ID00022', 'ID00033', 'ID00010', 'ID00043']",ID00000,1,CyberShake,Terminated,0,100000000000,1,210,1,0,0,72,78,6,80.0,1000.0,4,5.0,[],22,27,5,1000.0,131
ID00000_21,21,"['ID00006', 'ID00039', 'ID00016', 'ID00027', 'ID00049', 'ID00004', 'ID00037', 'ID00014', 'ID00025', 'ID00047', 'ID00008', 'ID00018', 'ID00029', 'ID00020', 'ID00031', 'ID00041', 'ID00035', 'ID00012', 'ID00045', 'ID00022', 'ID00033', 'ID00010', 'ID00043']",ID00000,1,CyberShake,Terminated,0,100000000000,1,467,1,0,0,55,61,6,80.0,1000.0,10,11.0,[],22,33,11,1000.0,105
ID00000_22,22,"['ID00006', 'ID00039', 'ID00016', 'ID00027', 'ID00049', 'ID00004', 'ID00037', 'ID00014', 'ID00025', 'ID00047', 'ID00008', 'ID00018', 'ID00029', 'ID00020', 'ID00031', 'ID00041', 'ID00035', 'ID00012', 'ID00045', 'ID00022', 'ID00033', 'ID00010', 'ID00043']",ID00000,1,CyberShake,Terminated,0,100000000000,1,317,1,0,0,71,75,4,80.0,1000.0,10,7.0,[],22,29,7,1000.0,126
ID00000_23,23,"['ID00006', 'ID00039', 'ID00016', 'ID00027', 'ID00049', 'ID00004', 'ID00037', 'ID00014', 'ID00025', 'ID00047', 'ID00008', 'ID00018', 'ID00029', 'ID00020', 'ID00031', 'ID00041', 'ID00035', 'ID00012', 'ID00045', 'ID00022', 'ID00033', 'ID00010', 'ID00043']",ID00000,1,CyberShake,Terminated,0,100000000000,1,17,1,0,0,79,80,1,80.0,1000.0,0,1.0,[],22,23,1,1000.0,146
ID00001_0,24,"['ID00017', 'ID00028', 'ID00005', 'ID00038', 'ID00015', 'ID00026', 'ID00048', 'ID00003', 'ID00036', 'ID00009', 'ID00019', 'ID00007', 'ID00042', 'ID00030', 'ID00040', 'ID00013', 'ID00024', 'ID00046', 'ID00034', 'ID00011', 'ID00044', 'ID00021', 'ID00032']",ID00001,1,CyberShake,Terminated,0,100000000000,1,128,1,0,0,78,80,2,80.0,1000.0,8,3.0,[],11,14,3,1000.0,142
ID00001_1,25,"['ID00017', 'ID00028', 'ID00005', 'ID00038', 'ID00015', 'ID00026', 'ID00048', 'ID00003', 'ID00036', 'ID00009', 'ID00019', 'ID00007', 'ID00042', 'ID00030', 'ID00040', 'ID00013', 'ID00024', 'ID00046', 'ID00034', 'ID00011', 'ID00044', 'ID00021', 'ID00032']",ID00001,1,CyberShake,Terminated,0,100000000000,1,460,1,0,0,56,62,6,80.0,1000.0,11,10.0,[],11,21,10,1000.0,106
ID00001_2,26,"['ID00017', 'ID00028', 'ID00005', 'ID00038', 'ID00015', 'ID00026', 'ID00048', 'ID00003', 'ID00036', 'ID00009', 'ID00019', 'ID00007', 'ID00042', 'ID00030', 'ID00040', 'ID00013', 'ID00024', 'ID00046', 'ID00034', 'ID00011', 'ID00044', 'ID00021', 'ID00032']",ID00001,1,CyberShake,Terminated,0,100000000000,1,182,1,0,0,72,77,5,80.0,1000.0,5,4.0,[],11,15,4,1000.0,132
ID00001_3,27,"['ID00017', 'ID00028', 'ID00005', 'ID00038', 'ID00015', 'ID00026', 'ID00048', 'ID00003', 'ID00036', 'ID00009', 'ID00019', 'ID00007', 'ID00042', 'ID00030', 'ID00040', 'ID00013', 'ID00024', 'ID00046', 'ID00034', 'ID00011', 'ID00044', 'ID00021', 'ID00032']",ID00001,1,CyberShake,Terminated,0,100000000000,1,120,1,0,0,77,80,3,80.0,1000.0,6,3.0,[],11,14,3,1000.0,140
ID00001_4,28,"['ID00017', 'ID00028', 'ID00005', 'ID00038', 'ID00015', 'ID00026', 'ID00048', 'ID00003', 'ID00036', 'ID00009', 'ID00019', 'ID00007', 'ID00042', 'ID00030', 'ID00040', 'ID00013', 'ID00024', 'ID00046', 'ID00034', 'ID00011', 'ID00044', 'ID00021', 'ID00032']",ID00001,1,CyberShake,Terminated,0,100000000000,1,461,1,0,0,56,62,6,80.0,1000.0,9,10.0,[],11,21,10,1000.0,107
ID00001_5,29,"['ID00017', 'ID00028', 'ID00005', 'ID00038', 'ID00015', 'ID00026', 'ID00048', 'ID00003', 'ID00036', 'ID00009', 'ID00019', 'ID00007', 'ID00042', 'ID00030', 'ID00040', 'ID00013', 'ID00024', 'ID00046', 'ID00034', 'ID00011', 'ID00044', 'ID00021', 'ID00032']",ID00001,1,CyberShake,Terminated,0,100000000000,1,115,1,0,0,76,79,3,80.0,1000.0,7,3.0,[],11,14,3,1000.0,137
ID00001_6,30,"['ID00017', 'ID00028', 'ID00005', 'ID00038', 'ID00015', 'ID00026', 'ID00048', 'ID00003', 'ID00036', 'ID00009', 'ID00019', 'ID00007', 'ID00042', 'ID00030', 'ID00040', 'ID00013', 'ID00024', 'ID00046', 'ID00034', 'ID00011', 'ID00044', 'ID00021', 'ID00032']",ID00001,1,CyberShake,Terminated,0,100000000000,1,173,1,0,0,76,79,3,80.0,1000.0,9,4.0,[],11,15,4,1000.0,134
ID00001_7,31,"['ID00017', 'ID00028', 'ID00005', 'ID00038', 'ID00015', 'ID00026', 'ID00048', 'ID00003', 'ID00036', 'ID00009', 'ID00019', 'ID00007', 'ID00042', 'ID00030', 'ID00040', 'ID00013', 'ID00024', 'ID00046', 'ID00034', 'ID00011', 'ID00044', 'ID00021', 'ID00032']",ID00001,1,CyberShake,Terminated,0,100000000000,1,51,1,0,0,76,79,3,80.0,1000.0,0,2.0,[],11,13,2,1000.0,138
ID00001_8,32,"['ID00017', 'ID00028', 'ID00005', 'ID00038', 'ID00015', 'ID00026', 'ID00048', 'ID00003', 'ID00036', 'ID00009', 'ID00019', 'ID00007', 'ID00042', 'ID00030', 'ID00040', 'ID00013', 'ID00024', 'ID00046', 'ID00034', 'ID00011', 'ID00044', 'ID00021', 'ID00032']",ID00001,1,CyberShake,Terminated,0,100000000000,1,48,1,0,0,76,79,3,80.0,1000.0,2,2.0,[],11,13,2,1000.0,139
ID00001_9,33,"['ID00017', 'ID00028', 'ID00005', 'ID00038', 'ID00015', 'ID00026', 'ID00048', 'ID00003', 'ID00036', 'ID00009', 'ID00019', 'ID00007', 'ID00042', 'ID00030', 'ID00040', 'ID00013', 'ID00024', 'ID00046', 'ID00034', 'ID00011', 'ID00044', 'ID00021', 'ID00032']",ID00001,1,CyberShake,Terminated,0,100000000000,1,470,1,0,0,48,60,12,80.0,1000.0,6,11.0,[],11,22,11,1000.0,93
ID00001_10,34,"['ID00017', 'ID00028', 'ID00005', 'ID00038', 'ID00015', 'ID00026', 'ID00048', 'ID00003', 'ID00036', 'ID00009', 'ID00019', 'ID00007', 'ID00042', 'ID00030', 'ID00040', 'ID00013', 'ID00024', 'ID00046', 'ID00034', 'ID00011', 'ID00044', 'ID00021', 'ID00032']",ID00001,1,CyberShake,Terminated,0,100000000000,1,116,1,0,0,77,80,3,80.0,1000.0,5,3.0,[],11,14,3,1000.0,141
ID00001_11,35,"['ID00017', 'ID00028', 'ID00005', 'ID00038', 'ID00015', 'ID00026', 'ID00048', 'ID00003', 'ID00036', 'ID00009', 'ID00019', 'ID00007', 'ID00042', 'ID00030', 'ID00040', 'ID00013', 'ID00024', 'ID00046', 'ID00034', 'ID00011', 'ID00044', 'ID00021', 'ID00032']",ID00001,1,CyberShake,Terminated,0,100000000000,1,344,1,0,0,63,72,9,80.0,1000.0,5,8.0,[],11,19,8,1000.0,116
ID00001_12,36,"['ID00017', 'ID00028', 'ID00005', 'ID00038', 'ID00015', 'ID00026', 'ID00048', 'ID00003', 'ID00036', 'ID00009', 'ID00019', 'ID00007', 'ID00042', 'ID00030', 'ID00040', 'ID00013', 'ID00024', 'ID00046', 'ID00034', 'ID00011', 'ID00044', 'ID00021', 'ID00032']",ID00001,1,CyberShake,Terminated,0,100000000000,1,395,1,0,0,48,68,20,80.0,1000.0,0,9.0,[],11,20,9,1000.0,96
ID00001_13,37,"['ID00017', 'ID00028', 'ID00005', 'ID00038', 'ID00015', 'ID00026', 'ID00048', 'ID00003', 'ID00036', 'ID00009', 'ID00019', 'ID00007', 'ID00042', 'ID00030', 'ID00040', 'ID00013', 'ID00024', 'ID00046', 'ID00034', 'ID00011', 'ID00044', 'ID00021', 'ID00032']",ID00001,1,CyberShake,Terminated,0,100000000000,1,441,1,0,0,61,67,6,80.0,1000.0,10,10.0,[],11,21,10,1000.0,110
ID00001_14,38,"['ID00017', 'ID00028', 'ID00005', 'ID00038', 'ID00015', 'ID00026', 'ID00048', 'ID00003', 'ID00036', 'ID00009', 'ID00019', 'ID00007', 'ID00042', 'ID00030', 'ID00040', 'ID00013', 'ID00024', 'ID00046', 'ID00034', 'ID00011', 'ID00044', 'ID00021', 'ID00032']",ID00001,1,CyberShake,Terminated,0,100000000000,1,140,1,0,0,78,80,2,80.0,1000.0,10,3.0,[],11,14,3,1000.0,143
ID00001_15,39,"['ID00017', 'ID00028', 'ID00005', 'ID00038', 'ID00015', 'ID00026', 'ID00048', 'ID00003', 'ID00036', 'ID00009', 'ID00019', 'ID00007', 'ID00042', 'ID00030', 'ID00040', 'ID00013', 'ID00024', 'ID00046', 'ID00034', 'ID00011', 'ID00044', 'ID00021', 'ID00032']",ID00001,1,CyberShake,Terminated,0,100000000000,1,383,1,0,0,48,68,20,80.0,1000.0,2,9.0,[],11,20,9,1000.0,97
ID00001_16,40,"['ID00017', 'ID00028', 'ID00005', 'ID00038', 'ID00015', 'ID00026', 'ID00048', 'ID00003', 'ID00036', 'ID00009', 'ID00019', 'ID00007', 'ID00042', 'ID00030', 'ID00040', 'ID00013', 'ID00024', 'ID00046', 'ID00034', 'ID00011', 'ID00044', 'ID00021', 'ID00032']",ID00001,1,CyberShake,Terminated,0,100000000000,1,451,1,0,0,62,68,6,80.0,1000.0,8,10.0,[],11,21,10,1000.0,115
ID00001_17,41,"['ID00017', 'ID00028', 'ID00005', 'ID00038', 'ID00015', 'ID00026', 'ID00048', 'ID00003', 'ID00036', 'ID00009', 'ID00019', 'ID00007', 'ID00042', 'ID00030', 'ID00040', 'ID00013', 'ID00024', 'ID00046', 'ID00034', 'ID00011', 'ID00044', 'ID00021', 'ID00032']",ID00001,1,CyberShake,Terminated,0,100000000000,1,154,1,0,0,68,76,8,80.0,1000.0,2,4.0,[],11,15,4,1000.0,122
ID00001_18,42,"['ID00017', 'ID00028', 'ID00005', 'ID00038', 'ID00015', 'ID00026', 'ID00048', 'ID00003', 'ID00036', 'ID00009', 'ID00019', 'ID00007', 'ID00042', 'ID00030', 'ID00040', 'ID00013', 'ID00024', 'ID00046', 'ID00034', 'ID00011', 'ID00044', 'ID00021', 'ID00032']",ID00001,1,CyberShake,Terminated,0,100000000000,1,471,1,0,0,49,61,12,80.0,1000.0,4,11.0,[],11,22,11,1000.0,98
ID00001_19,43,"['ID00017', 'ID00028', 'ID00005', 'ID00038', 'ID00015', 'ID00026', 'ID00048', 'ID00003', 'ID00036', 'ID00009', 'ID00019', 'ID00007', 'ID00042', 'ID00030', 'ID00040', 'ID00013', 'ID00024', 'ID00046', 'ID00034', 'ID00011', 'ID00044', 'ID00021', 'ID00032']",ID00001,1,CyberShake,Terminated,0,100000000000,1,411,1,0,0,61,72,11,80.0,1000.0,4,9.0,[],11,20,9,1000.0,111
ID00001_20,44,"['ID00017', 'ID00028', 'ID00005', 'ID00038', 'ID00015', 'ID00026', 'ID00048', 'ID00003', 'ID00036', 'ID00009', 'ID00019', 'ID00007', 'ID00042', 'ID00030', 'ID00040', 'ID00013', 'ID00024', 'ID00046', 'ID00034', 'ID00011', 'ID00044', 'ID00021', 'ID00032']",ID00001,1,CyberShake,Terminated,0,100000000000,1,284,1,0,0,68,72,4,80.0,1000.0,11,7.0,[],11,18,7,1000.0,119
ID00001_21,45,"['ID00017', 'ID00028', 'ID00005', 'ID00038', 'ID00015', 'ID00026', 'ID00048', 'ID00003', 'ID00036', 'ID00009', 'ID00019', 'ID00007', 'ID00042', 'ID00030', 'ID00040', 'ID00013', 'ID00024', 'ID00046', 'ID00034', 'ID00011', 'ID00044', 'ID00021', 'ID00032']",ID00001,1,CyberShake,Terminated,0,100000000000,1,184,1,0,0,76,79,3,80.0,1000.0,11,4.0,[],11,15,4,1000.0,135
ID00001_22,46,"['ID00017', 'ID00028', 'ID00005', 'ID00038', 'ID00015', 'ID00026', 'ID00048', 'ID00003', 'ID00036', 'ID00009', 'ID00019', 'ID00007', 'ID00042', 'ID00030', 'ID00040', 'ID00013', 'ID00024', 'ID00046', 'ID00034', 'ID00011', 'ID00044', 'ID00021', 'ID00032']",ID00001,1,CyberShake,Terminated,0,100000000000,1,42,1,0,0,79,80,1,80.0,1000.0,9,1.0,[],11,12,1,1000.0,147
ID00001_23,47,"['ID00017', 'ID00028', 'ID00005', 'ID00038', 'ID00015', 'ID00026', 'ID00048', 'ID00003', 'ID00036', 'ID00009', 'ID00019', 'ID00007', 'ID00042', 'ID00030', 'ID00040', 'ID00013', 'ID00024', 'ID00046', 'ID00034', 'ID00011', 'ID00044', 'ID00021', 'ID00032']",ID00001,1,CyberShake,Terminated,0,100000000000,1,7,1,0,0,78,79,1,80.0,1000.0,3,1.0,[],11,12,1,1000.0,145
ID00002_0,48,[],ID00002,1,CyberShake,Terminated,0,100000000000,1,278,1,0,0,72,76,4,80.0,1000.0,8,6.0,[],0,6,6,1000.0,130
ID00002_1,49,[],ID00002,1,CyberShake,Terminated,0,100000000000,1,445,1,0,0,56,62,6,80.0,1000.0,8,10.0,[],0,10,10,1000.0,108
ID00002_2,50,[],ID00002,1,CyberShake,Terminated,0,100000000000,1,298,1,0,0,68,72,4,80.0,1000.0,9,7.0,[],0,7,7,1000.0,120
ID00002_3,51,[],ID00002,1,CyberShake,Terminated,0,100000000000,1,506,1,0,0,48,61,13,80.0,1000.0,7,11.0,[],0,11,11,1000.0,94
ID00002_4,52,[],ID00002,1,CyberShake,Terminated,0,100000000000,1,277,1,0,0,70,77,7,80.0,1000.0,6,6.0,[],0,6,6,1000.0,123
ID00003_0,53,[],ID00003,1,CyberShake,Terminated,0,100000000000,1,250,1,0,0,0,13,13,67.0,1000.0,0,28.0,"['ID00001_0', 'ID00001_1', 'ID00001_2', 'ID00001_3', 'ID00001_4', 'ID00001_5', 'ID00001_6', 'ID00001_7', 'ID00001_8', 'ID00001_9', 'ID00001_10', 'ID00001_11', 'ID00001_12', 'ID00001_13', 'ID00001_14', 'ID00001_15', 'ID00001_16', 'ID00001_17', 'ID00001_18', 'ID00001_19', 'ID00001_20', 'ID00001_21', 'ID00001_22', 'ID00001_23', 'ID00004_0', 'ID00004_1']",0,6,6,978.0,9
ID00003_1,54,[],ID00003,1,CyberShake,Terminated,0,100000000000,1,128,1,0,0,17,19,2,78.0,1000.0,9,25.0,"['ID00001_0', 'ID00001_1', 'ID00001_2', 'ID00001_3', 'ID00001_4', 'ID00001_5', 'ID00001_6', 'ID00001_7', 'ID00001_8', 'ID00001_9', 'ID00001_10', 'ID00001_11', 'ID00001_12', 'ID00001_13', 'ID00001_14', 'ID00001_15', 'ID00001_16', 'ID00001_17', 'ID00001_18', 'ID00001_19', 'ID00001_20', 'ID00001_21', 'ID00001_22', 'ID00001_23', 'ID00004_0', 'ID00004_1']",0,3,3,978.0,33
ID00004_0,55,['ID00003'],ID00004,1,CyberShake,Terminated,0,100000000000,1,381,1,0,0,21,41,20,60.0,1000.0,0,20.0,"['ID00000_0', 'ID00000_1', 'ID00000_2', 'ID00000_3', 'ID00000_4', 'ID00000_5', 'ID00000_6', 'ID00000_7', 'ID00000_8', 'ID00000_9', 'ID00000_10', 'ID00000_11', 'ID00000_12', 'ID00000_13', 'ID00000_14', 'ID00000_15', 'ID00000_16', 'ID00000_17', 'ID00000_18', 'ID00000_19', 'ID00000_20', 'ID00000_21', 'ID00000_22', 'ID00000_23']",6,15,9,989.0,49
ID00004_1,56,['ID00003'],ID00004,1,CyberShake,Terminated,0,100000000000,1,471,1,0,0,27,33,6,74.0,1000.0,11,22.0,"['ID00000_0', 'ID00000_1', 'ID00000_2', 'ID00000_3', 'ID00000_4', 'ID00000_5', 'ID00000_6', 'ID00000_7', 'ID00000_8', 'ID00000_9', 'ID00000_10', 'ID00000_11', 'ID00000_12', 'ID00000_13', 'ID00000_14', 'ID00000_15', 'ID00000_16', 'ID00000_17', 'ID00000_18', 'ID00000_19', 'ID00000_20', 'ID00000_21', 'ID00000_22', 'ID00000_23']",6,17,11,989.0,54
ID00005_0,57,[],ID00005,1,CyberShake,Terminated,0,100000000000,1,254,1,0,0,18,22,4,76.0,1000.0,10,23.0,"['ID00001_0', 'ID00001_1', 'ID00001_2', 'ID00001_3', 'ID00001_4', 'ID00001_5', 'ID00001_6', 'ID00001_7', 'ID00001_8', 'ID00001_9', 'ID00001_10', 'ID00001_11', 'ID00001_12', 'ID00001_13', 'ID00001_14', 'ID00001_15', 'ID00001_16', 'ID00001_17', 'ID00001_18', 'ID00001_19', 'ID00001_20', 'ID00001_21', 'ID00001_22', 'ID00001_23', 'ID00006_0', 'ID00006_1']",0,6,6,983.0,36
ID00005_1,58,[],ID00005,1,CyberShake,Terminated,0,100000000000,1,460,1,0,0,15,21,6,74.0,1000.0,11,27.0,"['ID00001_0', 'ID00001_1', 'ID00001_2', 'ID00001_3', 'ID00001_4', 'ID00001_5', 'ID00001_6', 'ID00001_7', 'ID00001_8', 'ID00001_9', 'ID00001_10', 'ID00001_11', 'ID00001_12', 'ID00001_13', 'ID00001_14', 'ID00001_15', 'ID00001_16', 'ID00001_17', 'ID00001_18', 'ID00001_19', 'ID00001_20', 'ID00001_21', 'ID00001_22', 'ID00001_23', 'ID00006_0', 'ID00006_1']",0,10,10,983.0,28
ID00006_0,59,['ID00005'],ID00006,1,CyberShake,Terminated,0,100000000000,1,143,1,0,0,46,48,2,78.0,1000.0,10,15.0,"['ID00000_0', 'ID00000_1', 'ID00000_2', 'ID00000_3', 'ID00000_4', 'ID00000_5', 'ID00000_6', 'ID00000_7', 'ID00000_8', 'ID00000_9', 'ID00000_10', 'ID00000_11', 'ID00000_12', 'ID00000_13', 'ID00000_14', 'ID00000_15', 'ID00000_16', 'ID00000_17', 'ID00000_18', 'ID00000_19', 'ID00000_20', 'ID00000_21', 'ID00000_22', 'ID00000_23']",6,10,4,989.0,85
ID00006_1,60,['ID00005'],ID00006,1,CyberShake,Terminated,0,100000000000,1,247,1,0,0,42,46,4,76.0,1000.0,11,17.0,"['ID00000_0', 'ID00000_1', 'ID00000_2', 'ID00000_3', 'ID00000_4', 'ID00000_5', 'ID00000_6', 'ID00000_7', 'ID00000_8', 'ID00000_9', 'ID00000_10', 'ID00000_11', 'ID00000_12', 'ID00000_13', 'ID00000_14', 'ID00000_15', 'ID00000_16', 'ID00000_17', 'ID00000_18', 'ID00000_19', 'ID00000_20', 'ID00000_21', 'ID00000_22', 'ID00000_23']",6,12,6,989.0,78
ID00007_0,61,[],ID00007,1,CyberShake,Terminated,0,100000000000,1,359,1,0,0,6,11,5,75.0,1000.0,10,30.0,"['ID00001_0', 'ID00001_1', 'ID00001_2', 'ID00001_3', 'ID00001_4', 'ID00001_5', 'ID00001_6', 'ID00001_7', 'ID00001_8', 'ID00001_9', 'ID00001_10', 'ID00001_11', 'ID00001_12', 'ID00001_13', 'ID00001_14', 'ID00001_15', 'ID00001_16', 'ID00001_17', 'ID00001_18', 'ID00001_19', 'ID00001_20', 'ID00001_21', 'ID00001_22', 'ID00001_23', 'ID00008_0', 'ID00008_1']",0,8,8,978.0,13
ID00007_1,62,[],ID00007,1,CyberShake,Terminated,0,100000000000,1,182,1,0,0,11,16,5,75.0,1000.0,4,26.0,"['ID00001_0', 'ID00001_1', 'ID00001_2', 'ID00001_3', 'ID00001_4', 'ID00001_5', 'ID00001_6', 'ID00001_7', 'ID00001_8', 'ID00001_9', 'ID00001_10', 'ID00001_11', 'ID00001_12', 'ID00001_13', 'ID00001_14', 'ID00001_15', 'ID00001_16', 'ID00001_17', 'ID00001_18', 'ID00001_19', 'ID00001_20', 'ID00001_21', 'ID00001_22', 'ID00001_23', 'ID00008_0', 'ID00008_1']",0,4,4,978.0,21
ID00008_0,63,['ID00007'],ID00008,1,CyberShake,Terminated,0,100000000000,1,49,1,0,0,45,48,3,77.0,1000.0,1,13.0,"['ID00000_0', 'ID00000_1', 'ID00000_2', 'ID00000_3', 'ID00000_4', 'ID00000_5', 'ID00000_6', 'ID00000_7', 'ID00000_8', 'ID00000_9', 'ID00000_10', 'ID00000_11', 'ID00000_12', 'ID00000_13', 'ID00000_14', 'ID00000_15', 'ID00000_16', 'ID00000_17', 'ID00000_18', 'ID00000_19', 'ID00000_20', 'ID00000_21', 'ID00000_22', 'ID00000_23']",8,10,2,989.0,84
ID00008_1,64,['ID00007'],ID00008,1,CyberShake,Terminated,0,100000000000,1,469,1,0,0,19,31,12,68.0,1000.0,7,22.0,"['ID00000_0', 'ID00000_1', 'ID00000_2', 'ID00000_3', 'ID00000_4', 'ID00000_5', 'ID00000_6', 'ID00000_7', 'ID00000_8', 'ID00000_9', 'ID00000_10', 'ID00000_11', 'ID00000_12', 'ID00000_13', 'ID00000_14', 'ID00000_15', 'ID00000_16', 'ID00000_17', 'ID00000_18', 'ID00000_19', 'ID00000_20', 'ID00000_21', 'ID00000_22', 'ID00000_23']",8,19,11,989.0,40
ID00009_0,65,[],ID00009,1,CyberShake,Terminated,0,100000000000,1,28,1,0,0,18,20,2,78.0,1000.0,3,22.0,"['ID00001_0', 'ID00001_1', 'ID00001_2', 'ID00001_3', 'ID00001_4', 'ID00001_5', 'ID00001_6', 'ID00001_7', 'ID00001_8', 'ID00001_9', 'ID00001_10', 'ID00001_11', 'ID00001_12', 'ID00001_13', 'ID00001_14', 'ID00001_15', 'ID00001_16', 'ID00001_17', 'ID00001_18', 'ID00001_19', 'ID00001_20', 'ID00001_21', 'ID00001_22', 'ID00001_23', 'ID00010_0', 'ID00010_1']",0,1,1,979.0,37
ID00009_1,66,[],ID00009,1,CyberShake,Terminated,0,100000000000,1,120,1,0,0,17,20,3,77.0,1000.0,6,24.0,"['ID00001_0', 'ID00001_1', 'ID00001_2', 'ID00001_3', 'ID00001_4', 'ID00001_5', 'ID00001_6', 'ID00001_7', 'ID00001_8', 'ID00001_9', 'ID00001_10', 'ID00001_11', 'ID00001_12', 'ID00001_13', 'ID00001_14', 'ID00001_15', 'ID00001_16', 'ID00001_17', 'ID00001_18', 'ID00001_19', 'ID00001_20', 'ID00001_21', 'ID00001_22', 'ID00001_23', 'ID00010_0', 'ID00010_1']",0,3,3,979.0,34
ID00010_0,67,['ID00009'],ID00010,1,CyberShake,Terminated,0,100000000000,1,96,1,0,0,45,48,3,77.0,1000.0,4,14.0,"['ID00000_0', 'ID00000_1', 'ID00000_2', 'ID00000_3', 'ID00000_4', 'ID00000_5', 'ID00000_6', 'ID00000_7', 'ID00000_8', 'ID00000_9', 'ID00000_10', 'ID00000_11', 'ID00000_12', 'ID00000_13', 'ID00000_14', 'ID00000_15', 'ID00000_16', 'ID00000_17', 'ID00000_18', 'ID00000_19', 'ID00000_20', 'ID00000_21', 'ID00000_22', 'ID00000_23']",1,4,3,989.0,83
ID00010_1,68,['ID00009'],ID00010,1,CyberShake,Terminated,0,100000000000,1,447,1,0,0,31,37,6,74.0,1000.0,9,21.0,"['ID00000_0', 'ID00000_1', 'ID00000_2', 'ID00000_3', 'ID00000_4', 'ID00000_5', 'ID00000_6', 'ID00000_7', 'ID00000_8', 'ID00000_9', 'ID00000_10', 'ID00000_11', 'ID00000_12', 'ID00000_13', 'ID00000_14', 'ID00000_15', 'ID00000_16', 'ID00000_17', 'ID00000_18', 'ID00000_19', 'ID00000_20', 'ID00000_21', 'ID00000_22', 'ID00000_23']",1,11,10,989.0,57
ID00011_0,69,[],ID00011,1,CyberShake,Terminated,0,100000000000,1,101,1,0,0,16,18,2,78.0,1000.0,10,25.0,"['ID00001_0', 'ID00001_1', 'ID00001_2', 'ID00001_3', 'ID00001_4', 'ID00001_5', 'ID00001_6', 'ID00001_7', 'ID00001_8', 'ID00001_9', 'ID00001_10', 'ID00001_11', 'ID00001_12', 'ID00001_13', 'ID00001_14', 'ID00001_15', 'ID00001_16', 'ID00001_17', 'ID00001_18', 'ID00001_19', 'ID00001_20', 'ID00001_21', 'ID00001_22', 'ID00001_23', 'ID00012_0', 'ID00012_1']",0,3,3,978.0,29
ID00011_1,70,[],ID00011,1,CyberShake,Terminated,0,100000000000,1,461,1,0,0,0,6,6,74.0,1000.0,10,32.0,"['ID00001_0', 'ID00001_1', 'ID00001_2', 'ID00001_3', 'ID00001_4', 'ID00001_5', 'ID00001_6', 'ID00001_7', 'ID00001_8', 'ID00001_9', 'ID00001_10', 'ID00001_11', 'ID00001_12', 'ID00001_13', 'ID00001_14', 'ID00001_15', 'ID00001_16', 'ID00001_17', 'ID00001_18', 'ID00001_19', 'ID00001_20', 'ID00001_21', 'ID00001_22', 'ID00001_23', 'ID00012_0', 'ID00012_1']",0,10,10,978.0,3
ID00012_0,71,['ID00011'],ID00012,1,CyberShake,Terminated,0,100000000000,1,212,1,0,0,43,46,3,77.0,1000.0,10,16.0,"['ID00000_0', 'ID00000_1', 'ID00000_2', 'ID00000_3', 'ID00000_4', 'ID00000_5', 'ID00000_6', 'ID00000_7', 'ID00000_8', 'ID00000_9', 'ID00000_10', 'ID00000_11', 'ID00000_12', 'ID00000_13', 'ID00000_14', 'ID00000_15', 'ID00000_16', 'ID00000_17', 'ID00000_18', 'ID00000_19', 'ID00000_20', 'ID00000_21', 'ID00000_22', 'ID00000_23']",3,8,5,989.0,80
ID00012_1,72,['ID00011'],ID00012,1,CyberShake,Terminated,0,100000000000,1,485,1,0,0,24,31,7,73.0,1000.0,9,22.0,"['ID00000_0', 'ID00000_1', 'ID00000_2', 'ID00000_3', 'ID00000_4', 'ID00000_5', 'ID00000_6', 'ID00000_7', 'ID00000_8', 'ID00000_9', 'ID00000_10', 'ID00000_11', 'ID00000_12', 'ID00000_13', 'ID00000_14', 'ID00000_15', 'ID00000_16', 'ID00000_17', 'ID00000_18', 'ID00000_19', 'ID00000_20', 'ID00000_21', 'ID00000_22', 'ID00000_23']",3,14,11,989.0,52
ID00013_0,73,[],ID00013,1,CyberShake,Terminated,0,100000000000,1,326,1,0,0,11,16,5,75.0,1000.0,8,28.0,"['ID00001_0', 'ID00001_1', 'ID00001_2', 'ID00001_3', 'ID00001_4', 'ID00001_5', 'ID00001_6', 'ID00001_7', 'ID00001_8', 'ID00001_9', 'ID00001_10', 'ID00001_11', 'ID00001_12', 'ID00001_13', 'ID00001_14', 'ID00001_15', 'ID00001_16', 'ID00001_17', 'ID00001_18', 'ID00001_19', 'ID00001_20', 'ID00001_21', 'ID00001_22', 'ID00001_23', 'ID00014_0', 'ID00014_1']",0,7,7,979.0,19
ID00013_1,74,[],ID00013,1,CyberShake,Terminated,0,100000000000,1,115,1,0,0,13,19,6,74.0,1000.0,2,24.0,"['ID00001_0', 'ID00001_1', 'ID00001_2', 'ID00001_3', 'ID00001_4', 'ID00001_5', 'ID00001_6', 'ID00001_7', 'ID00001_8', 'ID00001_9', 'ID00001_10', 'ID00001_11', 'ID00001_12', 'ID00001_13', 'ID00001_14', 'ID00001_15', 'ID00001_16', 'ID00001_17', 'ID00001_18', 'ID00001_19', 'ID00001_20', 'ID00001_21', 'ID00001_22', 'ID00001_23', 'ID00014_0', 'ID00014_1']",0,3,3,979.0,25
ID00014_0,75,['ID00013'],ID00014,1,CyberShake,Terminated,0,100000000000,1,394,1,0,0,34,39,5,75.0,1000.0,10,20.0,"['ID00000_0', 'ID00000_1', 'ID00000_2', 'ID00000_3', 'ID00000_4', 'ID00000_5', 'ID00000_6', 'ID00000_7', 'ID00000_8', 'ID00000_9', 'ID00000_10', 'ID00000_11', 'ID00000_12', 'ID00000_13', 'ID00000_14', 'ID00000_15', 'ID00000_16', 'ID00000_17', 'ID00000_18', 'ID00000_19', 'ID00000_20', 'ID00000_21', 'ID00000_22', 'ID00000_23']",7,16,9,989.0,64
ID00014_1,76,['ID00013'],ID00014,1,CyberShake,Terminated,0,100000000000,1,436,1,0,0,22,33,11,69.0,1000.0,5,21.0,"['ID00000_0', 'ID00000_1', 'ID00000_2', 'ID00000_3', 'ID00000_4', 'ID00000_5', 'ID00000_6', 'ID00000_7', 'ID00000_8', 'ID00000_9', 'ID00000_10', 'ID00000_11', 'ID00000_12', 'ID00000_13', 'ID00000_14', 'ID00000_15', 'ID00000_16', 'ID00000_17', 'ID00000_18', 'ID00000_19', 'ID00000_20', 'ID00000_21', 'ID00000_22', 'ID00000_23']",7,17,10,989.0,51
ID00015_0,77,[],ID00015,1,CyberShake,Terminated,0,100000000000,1,48,1,0,0,16,19,3,77.0,1000.0,0,22.0,"['ID00001_0', 'ID00001_1', 'ID00001_2', 'ID00001_3', 'ID00001_4', 'ID00001_5', 'ID00001_6', 'ID00001_7', 'ID00001_8', 'ID00001_9', 'ID00001_10', 'ID00001_11', 'ID00001_12', 'ID00001_13', 'ID00001_14', 'ID00001_15', 'ID00001_16', 'ID00001_17', 'ID00001_18', 'ID00001_19', 'ID00001_20', 'ID00001_21', 'ID00001_22', 'ID00001_23', 'ID00016_0', 'ID00016_1']",0,2,2,980.0,32
ID00015_1,78,[],ID00015,1,CyberShake,Terminated,0,100000000000,1,173,1,0,0,16,21,5,75.0,1000.0,4,24.0,"['ID00001_0', 'ID00001_1', 'ID00001_2', 'ID00001_3', 'ID00001_4', 'ID00001_5', 'ID00001_6', 'ID00001_7', 'ID00001_8', 'ID00001_9', 'ID00001_10', 'ID00001_11', 'ID00001_12', 'ID00001_13', 'ID00001_14', 'ID00001_15', 'ID00001_16', 'ID00001_17', 'ID00001_18', 'ID00001_19', 'ID00001_20', 'ID00001_21', 'ID00001_22', 'ID00001_23', 'ID00016_0', 'ID00016_1']",0,4,4,980.0,31
ID00016_0,79,['ID00015'],ID00016,1,CyberShake,Terminated,0,100000000000,1,415,1,0,0,31,42,11,69.0,1000.0,7,20.0,"['ID00000_0', 'ID00000_1', 'ID00000_2', 'ID00000_3', 'ID00000_4', 'ID00000_5', 'ID00000_6', 'ID00000_7', 'ID00000_8', 'ID00000_9', 'ID00000_10', 'ID00000_11', 'ID00000_12', 'ID00000_13', 'ID00000_14', 'ID00000_15', 'ID00000_16', 'ID00000_17', 'ID00000_18', 'ID00000_19', 'ID00000_20', 'ID00000_21', 'ID00000_22', 'ID00000_23']",2,11,9,989.0,58
ID00016_1,80,['ID00015'],ID00016,1,CyberShake,Terminated,0,100000000000,1,303,1,0,0,37,45,8,72.0,1000.0,4,18.0,"['ID00000_0', 'ID00000_1', 'ID00000_2', 'ID00000_3', 'ID00000_4', 'ID00000_5', 'ID00000_6', 'ID00000_7', 'ID00000_8', 'ID00000_9', 'ID00000_10', 'ID00000_11', 'ID00000_12', 'ID00000_13', 'ID00000_14', 'ID00000_15', 'ID00000_16', 'ID00000_17', 'ID00000_18', 'ID00000_19', 'ID00000_20', 'ID00000_21', 'ID00000_22', 'ID00000_23']",2,9,7,989.0,69
ID00017_0,81,[],ID00017,1,CyberShake,Terminated,0,100000000000,1,497,1,0,0,0,7,7,73.0,1000.0,9,33.0,"['ID00001_0', 'ID00001_1', 'ID00001_2', 'ID00001_3', 'ID00001_4', 'ID00001_5', 'ID00001_6', 'ID00001_7', 'ID00001_8', 'ID00001_9', 'ID00001_10', 'ID00001_11', 'ID00001_12', 'ID00001_13', 'ID00001_14', 'ID00001_15', 'ID00001_16', 'ID00001_17', 'ID00001_18', 'ID00001_19', 'ID00001_20', 'ID00001_21', 'ID00001_22', 'ID00001_23', 'ID00018_0', 'ID00018_1']",0,11,11,978.0,1
ID00017_1,82,[],ID00017,1,CyberShake,Terminated,0,100000000000,1,51,1,0,0,14,17,3,77.0,1000.0,1,24.0,"['ID00001_0', 'ID00001_1', 'ID00001_2', 'ID00001_3', 'ID00001_4', 'ID00001_5', 'ID00001_6', 'ID00001_7', 'ID00001_8', 'ID00001_9', 'ID00001_10', 'ID00001_11', 'ID00001_12', 'ID00001_13', 'ID00001_14', 'ID00001_15', 'ID00001_16', 'ID00001_17', 'ID00001_18', 'ID00001_19', 'ID00001_20', 'ID00001_21', 'ID00001_22', 'ID00001_23', 'ID00018_0', 'ID00018_1']",0,2,2,978.0,27
ID00018_0,83,['ID00017'],ID00018,1,CyberShake,Terminated,0,100000000000,1,477,1,0,0,22,28,6,74.0,1000.0,10,22.0,"['ID00000_0', 'ID00000_1', 'ID00000_2', 'ID00000_3', 'ID00000_4', 'ID00000_5', 'ID00000_6', 'ID00000_7', 'ID00000_8', 'ID00000_9', 'ID00000_10', 'ID00000_11', 'ID00000_12', 'ID00000_13', 'ID00000_14', 'ID00000_15', 'ID00000_16', 'ID00000_17', 'ID00000_18', 'ID00000_19', 'ID00000_20', 'ID00000_21', 'ID00000_22', 'ID00000_23']",11,22,11,989.0,50
ID00018_1,84,['ID00017'],ID00018,1,CyberShake,Terminated,0,100000000000,1,29,1,0,0,48,49,1,79.0,1000.0,4,12.0,"['ID00000_0', 'ID00000_1', 'ID00000_2', 'ID00000_3', 'ID00000_4', 'ID00000_5', 'ID00000_6', 'ID00000_7', 'ID00000_8', 'ID00000_9', 'ID00000_10', 'ID00000_11', 'ID00000_12', 'ID00000_13', 'ID00000_14', 'ID00000_15', 'ID00000_16', 'ID00000_17', 'ID00000_18', 'ID00000_19', 'ID00000_20', 'ID00000_21', 'ID00000_22', 'ID00000_23']",11,12,1,989.0,92
ID00019_0,85,[],ID00019,1,CyberShake,Terminated,0,100000000000,1,346,1,0,0,6,11,5,75.0,1000.0,8,30.0,"['ID00001_0', 'ID00001_1', 'ID00001_2', 'ID00001_3', 'ID00001_4', 'ID00001_5', 'ID00001_6', 'ID00001_7', 'ID00001_8', 'ID00001_9', 'ID00001_10', 'ID00001_11', 'ID00001_12', 'ID00001_13', 'ID00001_14', 'ID00001_15', 'ID00001_16', 'ID00001_17', 'ID00001_18', 'ID00001_19', 'ID00001_20', 'ID00001_21', 'ID00001_22', 'ID00001_23', 'ID00020_0', 'ID00020_1']",0,8,8,978.0,14
ID00019_1,86,[],ID00019,1,CyberShake,Terminated,0,100000000000,1,48,1,0,0,13,16,3,77.0,1000.0,0,24.0,"['ID00001_0', 'ID00001_1', 'ID00001_2', 'ID00001_3', 'ID00001_4', 'ID00001_5', 'ID00001_6', 'ID00001_7', 'ID00001_8', 'ID00001_9', 'ID00001_10', 'ID00001_11', 'ID00001_12', 'ID00001_13', 'ID00001_14', 'ID00001_15', 'ID00001_16', 'ID00001_17', 'ID00001_18', 'ID00001_19', 'ID00001_20', 'ID00001_21', 'ID00001_22', 'ID00001_23', 'ID00020_0', 'ID00020_1']",0,2,2,978.0,26
ID00020_0,87,['ID00019'],ID00020,1,CyberShake,Terminated,0,100000000000,1,135,1,0,0,46,50,4,76.0,1000.0,5,14.0,"['ID00000_0', 'ID00000_1', 'ID00000_2', 'ID00000_3', 'ID00000_4', 'ID00000_5', 'ID00000_6', 'ID00000_7', 'ID00000_8', 'ID00000_9', 'ID00000_10', 'ID00000_11', 'ID00000_12', 'ID00000_13', 'ID00000_14', 'ID00000_15', 'ID00000_16', 'ID00000_17', 'ID00000_18', 'ID00000_19', 'ID00000_20', 'ID00000_21', 'ID00000_22', 'ID00000_23']",8,11,3,989.0,88
ID00020_1,88,['ID00019'],ID00020,1,CyberShake,Terminated,0,100000000000,1,471,1,0,0,21,33,12,68.0,1000.0,4,22.0,"['ID00000_0', 'ID00000_1', 'ID00000_2', 'ID00000_3', 'ID00000_4', 'ID00000_5', 'ID00000_6', 'ID00000_7', 'ID00000_8', 'ID00000_9', 'ID00000_10', 'ID00000_11', 'ID00000_12', 'ID00000_13', 'ID00000_14', 'ID00000_15', 'ID00000_16', 'ID00000_17', 'ID00000_18', 'ID00000_19', 'ID00000_20', 'ID00000_21', 'ID00000_22', 'ID00000_23']",8,19,11,989.0,47
ID00021_0,89,[],ID00021,1,CyberShake,Terminated,0,100000000000,1,277,1,0,0,12,19,7,73.0,1000.0,7,26.0,"['ID00001_0', 'ID00001_1', 'ID00001_2', 'ID00001_3', 'ID00001_4', 'ID00001_5', 'ID00001_6', 'ID00001_7', 'ID00001_8', 'ID00001_9', 'ID00001_10', 'ID00001_11', 'ID00001_12', 'ID00001_13', 'ID00001_14', 'ID00001_15', 'ID00001_16', 'ID00001_17', 'ID00001_18', 'ID00001_19', 'ID00001_20', 'ID00001_21', 'ID00001_22', 'ID00001_23', 'ID00022_0', 'ID00022_1']",0,6,6,980.0,22
ID00021_1,90,[],ID00021,1,CyberShake,Terminated,0,100000000000,1,470,1,0,0,0,12,12,68.0,1000.0,7,31.0,"['ID00001_0', 'ID00001_1', 'ID00001_2', 'ID00001_3', 'ID00001_4', 'ID00001_5', 'ID00001_6', 'ID00001_7', 'ID00001_8', 'ID00001_9', 'ID00001_10', 'ID00001_11', 'ID00001_12', 'ID00001_13', 'ID00001_14', 'ID00001_15', 'ID00001_16', 'ID00001_17', 'ID00001_18', 'ID00001_19', 'ID00001_20', 'ID00001_21', 'ID00001_22', 'ID00001_23', 'ID00022_0', 'ID00022_1']",0,11,11,980.0,5
ID00022_0,91,['ID00021'],ID00022,1,CyberShake,Terminated,0,100000000000,1,207,1,0,0,34,45,11,69.0,1000.0,1,16.0,"['ID00000_0', 'ID00000_1', 'ID00000_2', 'ID00000_3', 'ID00000_4', 'ID00000_5', 'ID00000_6', 'ID00000_7', 'ID00000_8', 'ID00000_9', 'ID00000_10', 'ID00000_11', 'ID00000_12', 'ID00000_13', 'ID00000_14', 'ID00000_15', 'ID00000_16', 'ID00000_17', 'ID00000_18', 'ID00000_19', 'ID00000_20', 'ID00000_21', 'ID00000_22', 'ID00000_23']",6,11,5,989.0,65
ID00022_1,92,['ID00021'],ID00022,1,CyberShake,Terminated,0,100000000000,1,383,1,0,0,33,38,5,75.0,1000.0,11,20.0,"['ID00000_0', 'ID00000_1', 'ID00000_2', 'ID00000_3', 'ID00000_4', 'ID00000_5', 'ID00000_6', 'ID00000_7', 'ID00000_8', 'ID00000_9', 'ID00000_10', 'ID00000_11', 'ID00000_12', 'ID00000_13', 'ID00000_14', 'ID00000_15', 'ID00000_16', 'ID00000_17', 'ID00000_18', 'ID00000_19', 'ID00000_20', 'ID00000_21', 'ID00000_22', 'ID00000_23']",6,15,9,989.0,60
ID00023_0,93,[],ID00023,1,CyberShake,Terminated,0,100000000000,1,506,1,0,0,48,55,7,80.0,1000.0,10,11.0,[],0,11,11,1000.0,95
ID00023_1,94,[],ID00023,1,CyberShake,Terminated,0,100000000000,1,40,1,0,0,79,80,1,80.0,1000.0,4,1.0,[],0,1,1,1000.0,148
ID00023_2,95,[],ID00023,1,CyberShake,Terminated,0,100000000000,1,159,1,0,0,76,78,2,80.0,1000.0,8,4.0,[],0,4,4,1000.0,136
ID00024_0,96,[],ID00024,1,CyberShake,Terminated,0,100000000000,1,173,1,0,0,19,28,9,71.0,1000.0,1,21.0,"['ID00001_0', 'ID00001_1', 'ID00001_2', 'ID00001_3', 'ID00001_4', 'ID00001_5', 'ID00001_6', 'ID00001_7', 'ID00001_8', 'ID00001_9', 'ID00001_10', 'ID00001_11', 'ID00001_12', 'ID00001_13', 'ID00001_14', 'ID00001_15', 'ID00001_16', 'ID00001_17', 'ID00001_18', 'ID00001_19', 'ID00001_20', 'ID00001_21', 'ID00001_22', 'ID00001_23', 'ID00025_0', 'ID00025_1']",0,4,4,983.0,41
ID00024_1,97,[],ID00024,1,CyberShake,Terminated,0,100000000000,1,116,1,0,0,28,34,6,74.0,1000.0,1,20.0,"['ID00001_0', 'ID00001_1', 'ID00001_2', 'ID00001_3', 'ID00001_4', 'ID00001_5', 'ID00001_6', 'ID00001_7', 'ID00001_8', 'ID00001_9', 'ID00001_10', 'ID00001_11', 'ID00001_12', 'ID00001_13', 'ID00001_14', 'ID00001_15', 'ID00001_16', 'ID00001_17', 'ID00001_18', 'ID00001_19', 'ID00001_20', 'ID00001_21', 'ID00001_22', 'ID00001_23', 'ID00025_0', 'ID00025_1']",0,3,3,983.0,56
ID00025_0,98,['ID00024'],ID00025,1,CyberShake,Terminated,0,100000000000,1,132,1,0,0,48,50,2,78.0,1000.0,8,14.0,"['ID00000_0', 'ID00000_1', 'ID00000_2', 'ID00000_3', 'ID00000_4', 'ID00000_5', 'ID00000_6', 'ID00000_7', 'ID00000_8', 'ID00000_9', 'ID00000_10', 'ID00000_11', 'ID00000_12', 'ID00000_13', 'ID00000_14', 'ID00000_15', 'ID00000_16', 'ID00000_17', 'ID00000_18', 'ID00000_19', 'ID00000_20', 'ID00000_21', 'ID00000_22', 'ID00000_23']",4,7,3,989.0,90
ID00025_1,99,['ID00024'],ID00025,1,CyberShake,Terminated,0,100000000000,1,250,1,0,0,39,46,7,73.0,1000.0,5,17.0,"['ID00000_0', 'ID00000_1', 'ID00000_2', 'ID00000_3', 'ID00000_4', 'ID00000_5', 'ID00000_6', 'ID00000_7', 'ID00000_8', 'ID00000_9', 'ID00000_10', 'ID00000_11', 'ID00000_12', 'ID00000_13', 'ID00000_14', 'ID00000_15', 'ID00000_16', 'ID00000_17', 'ID00000_18', 'ID00000_19', 'ID00000_20', 'ID00000_21', 'ID00000_22', 'ID00000_23']",4,10,6,989.0,73
ID00026_0,100,[],ID00026,1,CyberShake,Terminated,0,100000000000,1,304,1,0,0,13,17,4,76.0,1000.0,9,27.0,"['ID00001_0', 'ID00001_1', 'ID00001_2', 'ID00001_3', 'ID00001_4', 'ID00001_5', 'ID00001_6', 'ID00001_7', 'ID00001_8', 'ID00001_9', 'ID00001_10', 'ID00001_11', 'ID00001_12', 'ID00001_13', 'ID00001_14', 'ID00001_15', 'ID00001_16', 'ID00001_17', 'ID00001_18', 'ID00001_19', 'ID00001_20', 'ID00001_21', 'ID00001_22', 'ID00001_23', 'ID00027_0', 'ID00027_1']",0,7,7,980.0,24
ID00026_1,101,[],ID00026,1,CyberShake,Terminated,0,100000000000,1,344,1,0,0,0,18,18,62.0,1000.0,3,28.0,"['ID00001_0', 'ID00001_1', 'ID00001_2', 'ID00001_3', 'ID00001_4', 'ID00001_5', 'ID00001_6', 'ID00001_7', 'ID00001_8', 'ID00001_9', 'ID00001_10', 'ID00001_11', 'ID00001_12', 'ID00001_13', 'ID00001_14', 'ID00001_15', 'ID00001_16', 'ID00001_17', 'ID00001_18', 'ID00001_19', 'ID00001_20', 'ID00001_21', 'ID00001_22', 'ID00001_23', 'ID00027_0', 'ID00027_1']",0,8,8,980.0,10
ID00027_0,102,['ID00026'],ID00027,1,CyberShake,Terminated,0,100000000000,1,145,1,0,0,46,48,2,78.0,1000.0,9,15.0,"['ID00000_0', 'ID00000_1', 'ID00000_2', 'ID00000_3', 'ID00000_4', 'ID00000_5', 'ID00000_6', 'ID00000_7', 'ID00000_8', 'ID00000_9', 'ID00000_10', 'ID00000_11', 'ID00000_12', 'ID00000_13', 'ID00000_14', 'ID00000_15', 'ID00000_16', 'ID00000_17', 'ID00000_18', 'ID00000_19', 'ID00000_20', 'ID00000_21', 'ID00000_22', 'ID00000_23']",7,11,4,989.0,86
ID00027_1,103,['ID00026'],ID00027,1,CyberShake,Terminated,0,100000000000,1,390,1,0,0,20,40,20,60.0,1000.0,3,20.0,"['ID00000_0', 'ID00000_1', 'ID00000_2', 'ID00000_3', 'ID00000_4', 'ID00000_5', 'ID00000_6', 'ID00000_7', 'ID00000_8', 'ID00000_9', 'ID00000_10', 'ID00000_11', 'ID00000_12', 'ID00000_13', 'ID00000_14', 'ID00000_15', 'ID00000_16', 'ID00000_17', 'ID00000_18', 'ID00000_19', 'ID00000_20', 'ID00000_21', 'ID00000_22', 'ID00000_23']",7,16,9,989.0,46
ID00028_0,104,[],ID00028,1,CyberShake,Terminated,0,100000000000,1,253,1,0,0,16,20,4,76.0,1000.0,8,25.0,"['ID00001_0', 'ID00001_1', 'ID00001_2', 'ID00001_3', 'ID00001_4', 'ID00001_5', 'ID00001_6', 'ID00001_7', 'ID00001_8', 'ID00001_9', 'ID00001_10', 'ID00001_11', 'ID00001_12', 'ID00001_13', 'ID00001_14', 'ID00001_15', 'ID00001_16', 'ID00001_17', 'ID00001_18', 'ID00001_19', 'ID00001_20', 'ID00001_21', 'ID00001_22', 'ID00001_23', 'ID00029_0', 'ID00029_1']",0,6,6,981.0,30
ID00028_1,105,[],ID00028,1,CyberShake,Terminated,0,100000000000,1,395,1,0,0,11,16,5,75.0,1000.0,10,28.0,"['ID00001_0', 'ID00001_1', 'ID00001_2', 'ID00001_3', 'ID00001_4', 'ID00001_5', 'ID00001_6', 'ID00001_7', 'ID00001_8', 'ID00001_9', 'ID00001_10', 'ID00001_11', 'ID00001_12', 'ID00001_13', 'ID00001_14', 'ID00001_15', 'ID00001_16', 'ID00001_17', 'ID00001_18', 'ID00001_19', 'ID00001_20', 'ID00001_21', 'ID00001_22', 'ID00001_23', 'ID00029_0', 'ID00029_1']",0,9,9,981.0,20
ID00029_0,106,['ID00028'],ID00029,1,CyberShake,Terminated,0,100000000000,1,130,1,0,0,46,48,2,78.0,1000.0,11,14.0,"['ID00000_0', 'ID00000_1', 'ID00000_2', 'ID00000_3', 'ID00000_4', 'ID00000_5', 'ID00000_6', 'ID00000_7', 'ID00000_8', 'ID00000_9', 'ID00000_10', 'ID00000_11', 'ID00000_12', 'ID00000_13', 'ID00000_14', 'ID00000_15', 'ID00000_16', 'ID00000_17', 'ID00000_18', 'ID00000_19', 'ID00000_20', 'ID00000_21', 'ID00000_22', 'ID00000_23']",6,9,3,989.0,89
ID00029_1,107,['ID00028'],ID00029,1,CyberShake,Terminated,0,100000000000,1,345,1,0,0,38,43,5,75.0,1000.0,8,19.0,"['ID00000_0', 'ID00000_1', 'ID00000_2', 'ID00000_3', 'ID00000_4', 'ID00000_5', 'ID00000_6', 'ID00000_7', 'ID00000_8', 'ID00000_9', 'ID00000_10', 'ID00000_11', 'ID00000_12', 'ID00000_13', 'ID00000_14', 'ID00000_15', 'ID00000_16', 'ID00000_17', 'ID00000_18', 'ID00000_19', 'ID00000_20', 'ID00000_21', 'ID00000_22', 'ID00000_23']",6,14,8,989.0,70
ID00030_0,108,[],ID00030,1,CyberShake,Terminated,0,100000000000,1,248,1,0,0,0,13,13,67.0,1000.0,2,28.0,"['ID00001_0', 'ID00001_1', 'ID00001_2', 'ID00001_3', 'ID00001_4', 'ID00001_5', 'ID00001_6', 'ID00001_7', 'ID00001_8', 'ID00001_9', 'ID00001_10', 'ID00001_11', 'ID00001_12', 'ID00001_13', 'ID00001_14', 'ID00001_15', 'ID00001_16', 'ID00001_17', 'ID00001_18', 'ID00001_19', 'ID00001_20', 'ID00001_21', 'ID00001_22', 'ID00001_23', 'ID00031_0', 'ID00031_1']",0,6,6,978.0,11
ID00030_1,109,[],ID00030,1,CyberShake,Terminated,0,100000000000,1,441,1,0,0,0,6,6,74.0,1000.0,11,32.0,"['ID00001_0', 'ID00001_1', 'ID00001_2', 'ID00001_3', 'ID00001_4', 'ID00001_5', 'ID00001_6', 'ID00001_7', 'ID00001_8', 'ID00001_9', 'ID00001_10', 'ID00001_11', 'ID00001_12', 'ID00001_13', 'ID00001_14', 'ID00001_15', 'ID00001_16', 'ID00001_17', 'ID00001_18', 'ID00001_19', 'ID00001_20', 'ID00001_21', 'ID00001_22', 'ID00001_23', 'ID00031_0', 'ID00031_1']",0,10,10,978.0,4
ID00031_0,110,['ID00030'],ID00031,1,CyberShake,Terminated,0,100000000000,1,480,1,0,0,26,32,6,74.0,1000.0,8,22.0,"['ID00000_0', 'ID00000_1', 'ID00000_2', 'ID00000_3', 'ID00000_4', 'ID00000_5', 'ID00000_6', 'ID00000_7', 'ID00000_8', 'ID00000_9', 'ID00000_10', 'ID00000_11', 'ID00000_12', 'ID00000_13', 'ID00000_14', 'ID00000_15', 'ID00000_16', 'ID00000_17', 'ID00000_18', 'ID00000_19', 'ID00000_20', 'ID00000_21', 'ID00000_22', 'ID00000_23']",6,17,11,989.0,53
ID00031_1,111,['ID00030'],ID00031,1,CyberShake,Terminated,0,100000000000,1,169,1,0,0,40,49,9,71.0,1000.0,3,15.0,"['ID00000_0', 'ID00000_1', 'ID00000_2', 'ID00000_3', 'ID00000_4', 'ID00000_5', 'ID00000_6', 'ID00000_7', 'ID00000_8', 'ID00000_9', 'ID00000_10', 'ID00000_11', 'ID00000_12', 'ID00000_13', 'ID00000_14', 'ID00000_15', 'ID00000_16', 'ID00000_17', 'ID00000_18', 'ID00000_19', 'ID00000_20', 'ID00000_21', 'ID00000_22', 'ID00000_23']",6,10,4,989.0,75
ID00032_0,112,[],ID00032,1,CyberShake,Terminated,0,100000000000,1,114,1,0,0,33,36,3,77.0,1000.0,6,19.0,"['ID00001_0', 'ID00001_1', 'ID00001_2', 'ID00001_3', 'ID00001_4', 'ID00001_5', 'ID00001_6', 'ID00001_7', 'ID00001_8', 'ID00001_9', 'ID00001_10', 'ID00001_11', 'ID00001_12', 'ID00001_13', 'ID00001_14', 'ID00001_15', 'ID00001_16', 'ID00001_17', 'ID00001_18', 'ID00001_19', 'ID00001_20', 'ID00001_21', 'ID00001_22', 'ID00001_23', 'ID00033_0', 'ID00033_1']",0,3,3,984.0,61
ID00032_1,113,[],ID00032,1,CyberShake,Terminated,0,100000000000,1,140,1,0,0,33,37,4,76.0,1000.0,4,19.0,"['ID00001_0', 'ID00001_1', 'ID00001_2', 'ID00001_3', 'ID00001_4', 'ID00001_5', 'ID00001_6', 'ID00001_7', 'ID00001_8', 'ID00001_9', 'ID00001_10', 'ID00001_11', 'ID00001_12', 'ID00001_13', 'ID00001_14', 'ID00001_15', 'ID00001_16', 'ID00001_17', 'ID00001_18', 'ID00001_19', 'ID00001_20', 'ID00001_21', 'ID00001_22', 'ID00001_23', 'ID00033_0', 'ID00033_1']",0,3,3,984.0,62
ID00033_0,114,['ID00032'],ID00033,1,CyberShake,Terminated,0,100000000000,1,79,1,0,0,48,49,1,79.0,1000.0,9,13.0,"['ID00000_0', 'ID00000_1', 'ID00000_2', 'ID00000_3', 'ID00000_4', 'ID00000_5', 'ID00000_6', 'ID00000_7', 'ID00000_8', 'ID00000_9', 'ID00000_10', 'ID00000_11', 'ID00000_12', 'ID00000_13', 'ID00000_14', 'ID00000_15', 'ID00000_16', 'ID00000_17', 'ID00000_18', 'ID00000_19', 'ID00000_20', 'ID00000_21', 'ID00000_22', 'ID00000_23']",3,5,2,989.0,91
ID00033_1,115,['ID00032'],ID00033,1,CyberShake,Terminated,0,100000000000,1,233,1,0,0,43,46,3,77.0,1000.0,8,16.0,"['ID00000_0', 'ID00000_1', 'ID00000_2', 'ID00000_3', 'ID00000_4', 'ID00000_5', 'ID00000_6', 'ID00000_7', 'ID00000_8', 'ID00000_9', 'ID00000_10', 'ID00000_11', 'ID00000_12', 'ID00000_13', 'ID00000_14', 'ID00000_15', 'ID00000_16', 'ID00000_17', 'ID00000_18', 'ID00000_19', 'ID00000_20', 'ID00000_21', 'ID00000_22', 'ID00000_23']",3,8,5,989.0,81
ID00034_0,116,[],ID00034,1,CyberShake,Terminated,0,100000000000,1,289,1,0,0,10,18,8,72.0,1000.0,5,27.0,"['ID00001_0', 'ID00001_1', 'ID00001_2', 'ID00001_3', 'ID00001_4', 'ID00001_5', 'ID00001_6', 'ID00001_7', 'ID00001_8', 'ID00001_9', 'ID00001_10', 'ID00001_11', 'ID00001_12', 'ID00001_13', 'ID00001_14', 'ID00001_15', 'ID00001_16', 'ID00001_17', 'ID00001_18', 'ID00001_19', 'ID00001_20', 'ID00001_21', 'ID00001_22', 'ID00001_23', 'ID00035_0', 'ID00035_1']",0,7,7,980.0,18
ID00034_1,117,[],ID00034,1,CyberShake,Terminated,0,100000000000,1,383,1,0,0,10,15,5,75.0,1000.0,11,29.0,"['ID00001_0', 'ID00001_1', 'ID00001_2', 'ID00001_3', 'ID00001_4', 'ID00001_5', 'ID00001_6', 'ID00001_7', 'ID00001_8', 'ID00001_9', 'ID00001_10', 'ID00001_11', 'ID00001_12', 'ID00001_13', 'ID00001_14', 'ID00001_15', 'ID00001_16', 'ID00001_17', 'ID00001_18', 'ID00001_19', 'ID00001_20', 'ID00001_21', 'ID00001_22', 'ID00001_23', 'ID00035_0', 'ID00035_1']",0,9,9,980.0,17
ID00035_0,118,['ID00034'],ID00035,1,CyberShake,Terminated,0,100000000000,1,376,1,0,0,19,38,19,61.0,1000.0,2,20.0,"['ID00000_0', 'ID00000_1', 'ID00000_2', 'ID00000_3', 'ID00000_4', 'ID00000_5', 'ID00000_6', 'ID00000_7', 'ID00000_8', 'ID00000_9', 'ID00000_10', 'ID00000_11', 'ID00000_12', 'ID00000_13', 'ID00000_14', 'ID00000_15', 'ID00000_16', 'ID00000_17', 'ID00000_18', 'ID00000_19', 'ID00000_20', 'ID00000_21', 'ID00000_22', 'ID00000_23']",7,16,9,989.0,43
ID00035_1,119,['ID00034'],ID00035,1,CyberShake,Terminated,0,100000000000,1,160,1,0,0,44,48,4,76.0,1000.0,6,15.0,"['ID00000_0', 'ID00000_1', 'ID00000_2', 'ID00000_3', 'ID00000_4', 'ID00000_5', 'ID00000_6', 'ID00000_7', 'ID00000_8', 'ID00000_9', 'ID00000_10', 'ID00000_11', 'ID00000_12', 'ID00000_13', 'ID00000_14', 'ID00000_15', 'ID00000_16', 'ID00000_17', 'ID00000_18', 'ID00000_19', 'ID00000_20', 'ID00000_21', 'ID00000_22', 'ID00000_23']",7,11,4,989.0,82
ID00036_0,120,[],ID00036,1,CyberShake,Terminated,0,100000000000,1,30,1,0,0,17,19,2,78.0,1000.0,1,22.0,"['ID00001_0', 'ID00001_1', 'ID00001_2', 'ID00001_3', 'ID00001_4', 'ID00001_5', 'ID00001_6', 'ID00001_7', 'ID00001_8', 'ID00001_9', 'ID00001_10', 'ID00001_11', 'ID00001_12', 'ID00001_13', 'ID00001_14', 'ID00001_15', 'ID00001_16', 'ID00001_17', 'ID00001_18', 'ID00001_19', 'ID00001_20', 'ID00001_21', 'ID00001_22', 'ID00001_23', 'ID00037_0', 'ID00037_1']",0,1,1,979.0,35
ID00036_1,121,[],ID00036,1,CyberShake,Terminated,0,100000000000,1,451,1,0,0,0,12,12,68.0,1000.0,6,31.0,"['ID00001_0', 'ID00001_1', 'ID00001_2', 'ID00001_3', 'ID00001_4', 'ID00001_5', 'ID00001_6', 'ID00001_7', 'ID00001_8', 'ID00001_9', 'ID00001_10', 'ID00001_11', 'ID00001_12', 'ID00001_13', 'ID00001_14', 'ID00001_15', 'ID00001_16', 'ID00001_17', 'ID00001_18', 'ID00001_19', 'ID00001_20', 'ID00001_21', 'ID00001_22', 'ID00001_23', 'ID00037_0', 'ID00037_1']",0,10,10,979.0,6
ID00037_0,122,['ID00036'],ID00037,1,CyberShake,Terminated,0,100000000000,1,422,1,0,0,28,34,6,74.0,1000.0,10,21.0,"['ID00000_0', 'ID00000_1', 'ID00000_2', 'ID00000_3', 'ID00000_4', 'ID00000_5', 'ID00000_6', 'ID00000_7', 'ID00000_8', 'ID00000_9', 'ID00000_10', 'ID00000_11', 'ID00000_12', 'ID00000_13', 'ID00000_14', 'ID00000_15', 'ID00000_16', 'ID00000_17', 'ID00000_18', 'ID00000_19', 'ID00000_20', 'ID00000_21', 'ID00000_22', 'ID00000_23']",1,11,10,989.0,55
ID00037_1,123,['ID00036'],ID00037,1,CyberShake,Terminated,0,100000000000,1,132,1,0,0,41,48,7,73.0,1000.0,0,14.0,"['ID00000_0', 'ID00000_1', 'ID00000_2', 'ID00000_3', 'ID00000_4', 'ID00000_5', 'ID00000_6', 'ID00000_7', 'ID00000_8', 'ID00000_9', 'ID00000_10', 'ID00000_11', 'ID00000_12', 'ID00000_13', 'ID00000_14', 'ID00000_15', 'ID00000_16', 'ID00000_17', 'ID00000_18', 'ID00000_19', 'ID00000_20', 'ID00000_21', 'ID00000_22', 'ID00000_23']",1,4,3,989.0,76
ID00038_0,124,[],ID00038,1,CyberShake,Terminated,0,100000000000,1,365,1,0,0,19,24,5,75.0,1000.0,9,23.0,"['ID00001_0', 'ID00001_1', 'ID00001_2', 'ID00001_3', 'ID00001_4', 'ID00001_5', 'ID00001_6', 'ID00001_7', 'ID00001_8', 'ID00001_9', 'ID00001_10', 'ID00001_11', 'ID00001_12', 'ID00001_13', 'ID00001_14', 'ID00001_15', 'ID00001_16', 'ID00001_17', 'ID00001_18', 'ID00001_19', 'ID00001_20', 'ID00001_21', 'ID00001_22', 'ID00001_23', 'ID00039_0', 'ID00039_1']",0,8,8,985.0,39
ID00038_1,125,[],ID00038,1,CyberShake,Terminated,0,100000000000,1,154,1,0,0,35,39,4,76.0,1000.0,5,19.0,"['ID00001_0', 'ID00001_1', 'ID00001_2', 'ID00001_3', 'ID00001_4', 'ID00001_5', 'ID00001_6', 'ID00001_7', 'ID00001_8', 'ID00001_9', 'ID00001_10', 'ID00001_11', 'ID00001_12', 'ID00001_13', 'ID00001_14', 'ID00001_15', 'ID00001_16', 'ID00001_17', 'ID00001_18', 'ID00001_19', 'ID00001_20', 'ID00001_21', 'ID00001_22', 'ID00001_23', 'ID00039_0', 'ID00039_1']",0,4,4,985.0,66
ID00039_0,126,['ID00038'],ID00039,1,CyberShake,Terminated,0,100000000000,1,149,1,0,0,46,48,2,78.0,1000.0,8,15.0,"['ID00000_0', 'ID00000_1', 'ID00000_2', 'ID00000_3', 'ID00000_4', 'ID00000_5', 'ID00000_6', 'ID00000_7', 'ID00000_8', 'ID00000_9', 'ID00000_10', 'ID00000_11', 'ID00000_12', 'ID00000_13', 'ID00000_14', 'ID00000_15', 'ID00000_16', 'ID00000_17', 'ID00000_18', 'ID00000_19', 'ID00000_20', 'ID00000_21', 'ID00000_22', 'ID00000_23']",8,12,4,989.0,87
ID00039_1,127,['ID00038'],ID00039,1,CyberShake,Terminated,0,100000000000,1,174,1,0,0,39,48,9,71.0,1000.0,2,15.0,"['ID00000_0', 'ID00000_1', 'ID00000_2', 'ID00000_3', 'ID00000_4', 'ID00000_5', 'ID00000_6', 'ID00000_7', 'ID00000_8', 'ID00000_9', 'ID00000_10', 'ID00000_11', 'ID00000_12', 'ID00000_13', 'ID00000_14', 'ID00000_15', 'ID00000_16', 'ID00000_17', 'ID00000_18', 'ID00000_19', 'ID00000_20', 'ID00000_21', 'ID00000_22', 'ID00000_23']",8,12,4,989.0,74
ID00040_0,128,[],ID00040,1,CyberShake,Terminated,0,100000000000,1,397,1,0,0,0,10,10,70.0,1000.0,5,31.0,"['ID00001_0', 'ID00001_1', 'ID00001_2', 'ID00001_3', 'ID00001_4', 'ID00001_5', 'ID00001_6', 'ID00001_7', 'ID00001_8', 'ID00001_9', 'ID00001_10', 'ID00001_11', 'ID00001_12', 'ID00001_13', 'ID00001_14', 'ID00001_15', 'ID00001_16', 'ID00001_17', 'ID00001_18', 'ID00001_19', 'ID00001_20', 'ID00001_21', 'ID00001_22', 'ID00001_23', 'ID00041_0', 'ID00041_1']",0,9,9,978.0,7
ID00040_1,129,[],ID00040,1,CyberShake,Terminated,0,100000000000,1,471,1,0,0,0,6,6,74.0,1000.0,8,33.0,"['ID00001_0', 'ID00001_1', 'ID00001_2', 'ID00001_3', 'ID00001_4', 'ID00001_5', 'ID00001_6', 'ID00001_7', 'ID00001_8', 'ID00001_9', 'ID00001_10', 'ID00001_11', 'ID00001_12', 'ID00001_13', 'ID00001_14', 'ID00001_15', 'ID00001_16', 'ID00001_17', 'ID00001_18', 'ID00001_19', 'ID00001_20', 'ID00001_21', 'ID00001_22', 'ID00001_23', 'ID00041_0', 'ID00041_1']",0,11,11,978.0,2
ID00041_0,130,['ID00040'],ID00041,1,CyberShake,Terminated,0,100000000000,1,501,1,0,0,20,33,13,67.0,1000.0,6,22.0,"['ID00000_0', 'ID00000_1', 'ID00000_2', 'ID00000_3', 'ID00000_4', 'ID00000_5', 'ID00000_6', 'ID00000_7', 'ID00000_8', 'ID00000_9', 'ID00000_10', 'ID00000_11', 'ID00000_12', 'ID00000_13', 'ID00000_14', 'ID00000_15', 'ID00000_16', 'ID00000_17', 'ID00000_18', 'ID00000_19', 'ID00000_20', 'ID00000_21', 'ID00000_22', 'ID00000_23']",9,20,11,989.0,44
ID00041_1,131,['ID00040'],ID00041,1,CyberShake,Terminated,0,100000000000,1,291,1,0,0,42,46,4,76.0,1000.0,9,18.0,"['ID00000_0', 'ID00000_1', 'ID00000_2', 'ID00000_3', 'ID00000_4', 'ID00000_5', 'ID00000_6', 'ID00000_7', 'ID00000_8', 'ID00000_9', 'ID00000_10', 'ID00000_11', 'ID00000_12', 'ID00000_13', 'ID00000_14', 'ID00000_15', 'ID00000_16', 'ID00000_17', 'ID00000_18', 'ID00000_19', 'ID00000_20', 'ID00000_21', 'ID00000_22', 'ID00000_23']",9,16,7,989.0,77
ID00042_0,132,[],ID00042,1,CyberShake,Terminated,0,100000000000,1,33,1,0,0,19,21,2,78.0,1000.0,0,21.0,"['ID00001_0', 'ID00001_1', 'ID00001_2', 'ID00001_3', 'ID00001_4', 'ID00001_5', 'ID00001_6', 'ID00001_7', 'ID00001_8', 'ID00001_9', 'ID00001_10', 'ID00001_11', 'ID00001_12', 'ID00001_13', 'ID00001_14', 'ID00001_15', 'ID00001_16', 'ID00001_17', 'ID00001_18', 'ID00001_19', 'ID00001_20', 'ID00001_21', 'ID00001_22', 'ID00001_23', 'ID00043_0', 'ID00043_1']",0,1,1,980.0,42
ID00042_1,133,[],ID00042,1,CyberShake,Terminated,0,100000000000,1,411,1,0,0,7,13,6,74.0,1000.0,9,29.0,"['ID00001_0', 'ID00001_1', 'ID00001_2', 'ID00001_3', 'ID00001_4', 'ID00001_5', 'ID00001_6', 'ID00001_7', 'ID00001_8', 'ID00001_9', 'ID00001_10', 'ID00001_11', 'ID00001_12', 'ID00001_13', 'ID00001_14', 'ID00001_15', 'ID00001_16', 'ID00001_17', 'ID00001_18', 'ID00001_19', 'ID00001_20', 'ID00001_21', 'ID00001_22', 'ID00001_23', 'ID00043_0', 'ID00043_1']",0,9,9,980.0,16
ID00043_0,134,['ID00042'],ID00043,1,CyberShake,Terminated,0,100000000000,1,383,1,0,0,37,42,5,75.0,1000.0,9,20.0,"['ID00000_0', 'ID00000_1', 'ID00000_2', 'ID00000_3', 'ID00000_4', 'ID00000_5', 'ID00000_6', 'ID00000_7', 'ID00000_8', 'ID00000_9', 'ID00000_10', 'ID00000_11', 'ID00000_12', 'ID00000_13', 'ID00000_14', 'ID00000_15', 'ID00000_16', 'ID00000_17', 'ID00000_18', 'ID00000_19', 'ID00000_20', 'ID00000_21', 'ID00000_22', 'ID00000_23']",1,10,9,989.0,68
ID00043_1,135,['ID00042'],ID00043,1,CyberShake,Terminated,0,100000000000,1,401,1,0,0,32,38,6,74.0,1000.0,8,20.0,"['ID00000_0', 'ID00000_1', 'ID00000_2', 'ID00000_3', 'ID00000_4', 'ID00000_5', 'ID00000_6', 'ID00000_7', 'ID00000_8', 'ID00000_9', 'ID00000_10', 'ID00000_11', 'ID00000_12', 'ID00000_13', 'ID00000_14', 'ID00000_15', 'ID00000_16', 'ID00000_17', 'ID00000_18', 'ID00000_19', 'ID00000_20', 'ID00000_21', 'ID00000_22', 'ID00000_23']",1,10,9,989.0,59
ID00044_0,136,[],ID00044,1,CyberShake,Terminated,0,100000000000,1,280,1,0,0,0,14,14,66.0,1000.0,1,28.0,"['ID00001_0', 'ID00001_1', 'ID00001_2', 'ID00001_3', 'ID00001_4', 'ID00001_5', 'ID00001_6', 'ID00001_7', 'ID00001_8', 'ID00001_9', 'ID00001_10', 'ID00001_11', 'ID00001_12', 'ID00001_13', 'ID00001_14', 'ID00001_15', 'ID00001_16', 'ID00001_17', 'ID00001_18', 'ID00001_19', 'ID00001_20', 'ID00001_21', 'ID00001_22', 'ID00001_23', 'ID00045_0', 'ID00045_1']",0,6,6,978.0,12
ID00044_1,137,[],ID00044,1,CyberShake,Terminated,0,100000000000,1,284,1,0,0,6,10,4,76.0,1000.0,11,29.0,"['ID00001_0', 'ID00001_1', 'ID00001_2', 'ID00001_3', 'ID00001_4', 'ID00001_5', 'ID00001_6', 'ID00001_7', 'ID00001_8', 'ID00001_9', 'ID00001_10', 'ID00001_11', 'ID00001_12', 'ID00001_13', 'ID00001_14', 'ID00001_15', 'ID00001_16', 'ID00001_17', 'ID00001_18', 'ID00001_19', 'ID00001_20', 'ID00001_21', 'ID00001_22', 'ID00001_23', 'ID00045_0', 'ID00045_1']",0,7,7,978.0,15
ID00045_0,138,['ID00044'],ID00045,1,CyberShake,Terminated,0,100000000000,1,467,1,0,0,20,26,6,74.0,1000.0,8,22.0,"['ID00000_0', 'ID00000_1', 'ID00000_2', 'ID00000_3', 'ID00000_4', 'ID00000_5', 'ID00000_6', 'ID00000_7', 'ID00000_8', 'ID00000_9', 'ID00000_10', 'ID00000_11', 'ID00000_12', 'ID00000_13', 'ID00000_14', 'ID00000_15', 'ID00000_16', 'ID00000_17', 'ID00000_18', 'ID00000_19', 'ID00000_20', 'ID00000_21', 'ID00000_22', 'ID00000_23']",6,17,11,989.0,45
ID00045_1,139,['ID00044'],ID00045,1,CyberShake,Terminated,0,100000000000,1,210,1,0,0,42,48,6,74.0,1000.0,7,16.0,"['ID00000_0', 'ID00000_1', 'ID00000_2', 'ID00000_3', 'ID00000_4', 'ID00000_5', 'ID00000_6', 'ID00000_7', 'ID00000_8', 'ID00000_9', 'ID00000_10', 'ID00000_11', 'ID00000_12', 'ID00000_13', 'ID00000_14', 'ID00000_15', 'ID00000_16', 'ID00000_17', 'ID00000_18', 'ID00000_19', 'ID00000_20', 'ID00000_21', 'ID00000_22', 'ID00000_23']",6,11,5,989.0,79
ID00046_0,140,[],ID00046,1,CyberShake,Terminated,0,100000000000,1,401,1,0,0,0,11,11,69.0,1000.0,4,31.0,"['ID00001_0', 'ID00001_1', 'ID00001_2', 'ID00001_3', 'ID00001_4', 'ID00001_5', 'ID00001_6', 'ID00001_7', 'ID00001_8', 'ID00001_9', 'ID00001_10', 'ID00001_11', 'ID00001_12', 'ID00001_13', 'ID00001_14', 'ID00001_15', 'ID00001_16', 'ID00001_17', 'ID00001_18', 'ID00001_19', 'ID00001_20', 'ID00001_21', 'ID00001_22', 'ID00001_23', 'ID00047_0', 'ID00047_1']",0,9,9,978.0,8
ID00046_1,141,[],ID00046,1,CyberShake,Terminated,0,100000000000,1,184,1,0,0,12,17,5,75.0,1000.0,6,26.0,"['ID00001_0', 'ID00001_1', 'ID00001_2', 'ID00001_3', 'ID00001_4', 'ID00001_5', 'ID00001_6', 'ID00001_7', 'ID00001_8', 'ID00001_9', 'ID00001_10', 'ID00001_11', 'ID00001_12', 'ID00001_13', 'ID00001_14', 'ID00001_15', 'ID00001_16', 'ID00001_17', 'ID00001_18', 'ID00001_19', 'ID00001_20', 'ID00001_21', 'ID00001_22', 'ID00001_23', 'ID00047_0', 'ID00047_1']",0,4,4,978.0,23
ID00047_0,142,['ID00046'],ID00047,1,CyberShake,Terminated,0,100000000000,1,296,1,0,0,36,44,8,72.0,1000.0,6,18.0,"['ID00000_0', 'ID00000_1', 'ID00000_2', 'ID00000_3', 'ID00000_4', 'ID00000_5', 'ID00000_6', 'ID00000_7', 'ID00000_8', 'ID00000_9', 'ID00000_10', 'ID00000_11', 'ID00000_12', 'ID00000_13', 'ID00000_14', 'ID00000_15', 'ID00000_16', 'ID00000_17', 'ID00000_18', 'ID00000_19', 'ID00000_20', 'ID00000_21', 'ID00000_22', 'ID00000_23']",9,16,7,989.0,67
ID00047_1,143,['ID00046'],ID00047,1,CyberShake,Terminated,0,100000000000,1,467,1,0,0,21,27,6,74.0,1000.0,11,22.0,"['ID00000_0', 'ID00000_1', 'ID00000_2', 'ID00000_3', 'ID00000_4', 'ID00000_5', 'ID00000_6', 'ID00000_7', 'ID00000_8', 'ID00000_9', 'ID00000_10', 'ID00000_11', 'ID00000_12', 'ID00000_13', 'ID00000_14', 'ID00000_15', 'ID00000_16', 'ID00000_17', 'ID00000_18', 'ID00000_19', 'ID00000_20', 'ID00000_21', 'ID00000_22', 'ID00000_23']",9,20,11,989.0,48
ID00048_0,144,[],ID00048,1,CyberShake,Terminated,0,100000000000,1,159,1,0,0,18,22,4,76.0,1000.0,5,22.0,"['ID00001_0', 'ID00001_1', 'ID00001_2', 'ID00001_3', 'ID00001_4', 'ID00001_5', 'ID00001_6', 'ID00001_7', 'ID00001_8', 'ID00001_9', 'ID00001_10', 'ID00001_11', 'ID00001_12', 'ID00001_13', 'ID00001_14', 'ID00001_15', 'ID00001_16', 'ID00001_17', 'ID00001_18', 'ID00001_19', 'ID00001_20', 'ID00001_21', 'ID00001_22', 'ID00001_23', 'ID00049_0', 'ID00049_1']",0,4,4,982.0,38
ID00048_1,145,[],ID00048,1,CyberShake,Terminated,0,100000000000,1,42,1,0,0,33,35,2,78.0,1000.0,5,19.0,"['ID00001_0', 'ID00001_1', 'ID00001_2', 'ID00001_3', 'ID00001_4', 'ID00001_5', 'ID00001_6', 'ID00001_7', 'ID00001_8', 'ID00001_9', 'ID00001_10', 'ID00001_11', 'ID00001_12', 'ID00001_13', 'ID00001_14', 'ID00001_15', 'ID00001_16', 'ID00001_17', 'ID00001_18', 'ID00001_19', 'ID00001_20', 'ID00001_21', 'ID00001_22', 'ID00001_23', 'ID00049_0', 'ID00049_1']",0,1,1,982.0,63
ID00049_0,146,['ID00048'],ID00049,1,CyberShake,Terminated,0,100000000000,1,306,1,0,0,38,42,4,76.0,1000.0,11,18.0,"['ID00000_0', 'ID00000_1', 'ID00000_2', 'ID00000_3', 'ID00000_4', 'ID00000_5', 'ID00000_6', 'ID00000_7', 'ID00000_8', 'ID00000_9', 'ID00000_10', 'ID00000_11', 'ID00000_12', 'ID00000_13', 'ID00000_14', 'ID00000_15', 'ID00000_16', 'ID00000_17', 'ID00000_18', 'ID00000_19', 'ID00000_20', 'ID00000_21', 'ID00000_22', 'ID00000_23']",4,11,7,989.0,71
ID00049_1,147,['ID00048'],ID00049,1,CyberShake,Terminated,0,100000000000,1,317,1,0,0,39,43,4,76.0,1000.0,10,18.0,"['ID00000_0', 'ID00000_1', 'ID00000_2', 'ID00000_3', 'ID00000_4', 'ID00000_5', 'ID00000_6', 'ID00000_7', 'ID00000_8', 'ID00000_9', 'ID00000_10', 'ID00000_11', 'ID00000_12', 'ID00000_13', 'ID00000_14', 'ID00000_15', 'ID00000_16', 'ID00000_17', 'ID00000_18', 'ID00000_19', 'ID00000_20', 'ID00000_21', 'ID00000_22', 'ID00000_23']",4,11,7,989.0,72
