task_id,Unnamed: 0,parents,job_id,instances_num,task_type,status,start_time,end_time,cpu,memory,duration,submit_time,disk,EST,EFT,MET,LFT,AST,VmId,ru,children,initial_EST,initial_EFT,initial_MET,initial_LFT,rankScore
ID00000_0,0,"['ID00006', 'ID00039', 'ID00016', 'ID00027', 'ID00049', 'ID00004', 'ID00037', 'ID00014', 'ID00025', 'ID00047', 'ID00008', 'ID00018', 'ID00029', 'ID00020', 'ID00031', 'ID00041', 'ID00035', 'ID00012', 'ID00023', 'ID00045', 'ID00033', 'ID00010', 'ID00043']",ID00000,1,CyberShake,Terminated,0,100000000000,1,347,1,0,0,57,66,9,76.0,1000.0,7,8.0,[],20,28,8,1000.0,109
ID00000_1,1,"['ID00006', 'ID00039', 'ID00016', 'ID00027', 'ID00049', 'ID00004', 'ID00037', 'ID00014', 'ID00025', 'ID00047', 'ID00008', 'ID00018', 'ID00029', 'ID00020', 'ID00031', 'ID00041', 'ID00035', 'ID00012', 'ID00023', 'ID00045', 'ID00033', 'ID00010', 'ID00043']",ID00000,1,CyberShake,Terminated,0,100000000000,1,21,1,0,0,73,75,2,76.0,1000.0,3,1.0,[],20,21,1,1000.0,143
ID00000_2,2,"['ID00006', 'ID00039', 'ID00016', 'ID00027', 'ID00049', 'ID00004', 'ID00037', 'ID00014', 'ID00025', 'ID00047', 'ID00008', 'ID00018', 'ID00029', 'ID00020', 'ID00031', 'ID00041', 'ID00035', 'ID00012', 'ID00023', 'ID00045', 'ID00033', 'ID00010', 'ID00043']",ID00000,1,CyberShake,Terminated,0,100000000000,1,32,1,0,0,74,75,1,76.0,1000.0,9,1.0,[],20,21,1,1000.0,144
ID00000_3,3,"['ID00006', 'ID00039', 'ID00016', 'ID00027', 'ID00049', 'ID00004', 'ID00037', 'ID00014', 'ID00025', 'ID00047', 'ID00008', 'ID00018', 'ID00029', 'ID00020', 'ID00031', 'ID00041', 'ID00035', 'ID00012', 'ID00023', 'ID00045', 'ID00033', 'ID00010', 'ID00043']",ID00000,1,CyberShake,Terminated,0,100000000000,1,291,1,0,0,59,67,8,76.0,1000.0,6,7.0,[],20,27,7,1000.0,114
ID00000_4,4,"['ID00006', 'ID00039', 'ID00016', 'ID00027', 'ID00049', 'ID00004', 'ID00037', 'ID00014', 'ID00025', 'ID00047', 'ID00008', 'ID00018', 'ID00029', 'ID00020', 'ID00031', 'ID00041', 'ID00035', 'ID00012', 'ID00023', 'ID00045', 'ID00033', 'ID00010', 'ID00043']",ID00000,1,CyberShake,Terminated,0,100000000000,1,461,1,0,0,47,59,12,76.0,1000.0,4,10.0,[],20,30,10,1000.0,101
ID00000_5,5,"['ID00006', 'ID00039', 'ID00016', 'ID00027', 'ID00049', 'ID00004', 'ID00037', 'ID00014', 'ID00025', 'ID00047', 'ID00008', 'ID00018', 'ID00029', 'ID00020', 'ID00031', 'ID00041', 'ID00035', 'ID00012', 'ID00023', 'ID00045', 'ID00033', 'ID00010', 'ID00043']",ID00000,1,CyberShake,Terminated,0,100000000000,1,41,1,0,0,74,75,1,76.0,1000.0,11,1.0,[],20,21,1,1000.0,145
ID00000_6,6,"['ID00006', 'ID00039', 'ID00016', 'ID00027', 'ID00049', 'ID00004', 'ID00037', 'ID00014', 'ID00025', 'ID00047', 'ID00008', 'ID00018', 'ID00029', 'ID00020', 'ID00031', 'ID00041', 'ID00035', 'ID00012', 'ID00023', 'ID00045', 'ID00033', 'ID00010', 'ID00043']",ID00000,1,CyberShake,Terminated,0,100000000000,1,158,1,0,0,63,71,8,76.0,1000.0,2,4.0,[],20,24,4,1000.0,118
ID00000_7,7,"['ID00006', 'ID00039', 'ID00016', 'ID00027', 'ID00049', 'ID00004', 'ID00037', 'ID00014', 'ID00025', 'ID00047', 'ID00008', 'ID00018', 'ID00029', 'ID00020', 'ID00031', 'ID00041', 'ID00035', 'ID00012', 'ID00023', 'ID00045', 'ID00033', 'ID00010', 'ID00043']",ID00000,1,CyberShake,Terminated,0,100000000000,1,217,1,0,0,66,72,6,76.0,1000.0,7,5.0,[],20,25,5,1000.0,123
ID00000_8,8,"['ID00006', 'ID00039', 'ID00016', 'ID00027', 'ID00049', 'ID00004', 'ID00037', 'ID00014', 'ID00025', 'ID00047', 'ID00008', 'ID00018', 'ID00029', 'ID00020', 'ID00031', 'ID00041', 'ID00035', 'ID00012', 'ID00023', 'ID00045', 'ID00033', 'ID00010', 'ID00043']",ID00000,1,CyberShake,Terminated,0,100000000000,1,446,1,0,0,53,59,6,76.0,1000.0,9,10.0,[],20,30,10,1000.0,106
ID00000_9,9,"['ID00006', 'ID00039', 'ID00016', 'ID00027', 'ID00049', 'ID00004', 'ID00037', 'ID00014', 'ID00025', 'ID00047', 'ID00008', 'ID00018', 'ID00029', 'ID00020', 'ID00031', 'ID00041', 'ID00035', 'ID00012', 'ID00023', 'ID00045', 'ID00033', 'ID00010', 'ID00043']",ID00000,1,CyberShake,Terminated,0,100000000000,1,493,1,0,0,47,54,7,76.0,1000.0,8,11.0,[],20,31,11,1000.0,100
ID00000_10,10,"['ID00006', 'ID00039', 'ID00016', 'ID00027', 'ID00049', 'ID00004', 'ID00037', 'ID00014', 'ID00025', 'ID00047', 'ID00008', 'ID00018', 'ID00029', 'ID00020', 'ID00031', 'ID00041', 'ID00035', 'ID00012', 'ID00023', 'ID00045', 'ID00033', 'ID00010', 'ID00043']",ID00000,1,CyberShake,Terminated,0,100000000000,1,123,1,0,0,68,75,7,76.0,1000.0,0,3.0,[],20,23,3,1000.0,131
ID00000_11,11,"['ID00006', 'ID00039', 'ID00016', 'ID00027', 'ID00049', 'ID00004', 'ID00037', 'ID00014', 'ID00025', 'ID00047', 'ID00008', 'ID00018', 'ID00029', 'ID00020', 'ID00031', 'ID00041', 'ID00035', 'ID00012', 'ID00023', 'ID00045', 'ID00033', 'ID00010', 'ID00043']",ID00000,1,CyberShake,Terminated,0,100000000000,1,419,1,0,0,54,60,6,76.0,1000.0,8,9.0,[],20,29,9,1000.0,108
ID00000_12,12,"['ID00006', 'ID00039', 'ID00016', 'ID00027', 'ID00049', 'ID00004', 'ID00037', 'ID00014', 'ID00025', 'ID00047', 'ID00008', 'ID00018', 'ID00029', 'ID00020', 'ID00031', 'ID00041', 'ID00035', 'ID00012', 'ID00023', 'ID00045', 'ID00033', 'ID00010', 'ID00043']",ID00000,1,CyberShake,Terminated,0,100000000000,1,346,1,0,0,47,65,18,76.0,1000.0,3,8.0,[],20,28,8,1000.0,104
ID00000_13,13,"['ID00006', 'ID00039', 'ID00016', 'ID00027', 'ID00049', 'ID00004', 'ID00037', 'ID00014', 'ID00025', 'ID00047', 'ID00008', 'ID00018', 'ID00029', 'ID00020', 'ID00031', 'ID00041', 'ID00035', 'ID00012', 'ID00023', 'ID00045', 'ID00033', 'ID00010', 'ID00043']",ID00000,1,CyberShake,Terminated,0,100000000000,1,348,1,0,0,58,67,9,76.0,1000.0,5,8.0,[],20,28,8,1000.0,111
ID00000_14,14,"['ID00006', 'ID00039', 'ID00016', 'ID00027', 'ID00049', 'ID00004', 'ID00037', 'ID00014', 'ID00025', 'ID00047', 'ID00008', 'ID00018', 'ID00029', 'ID00020', 'ID00031', 'ID00041', 'ID00035', 'ID00012', 'ID00023', 'ID00045', 'ID00033', 'ID00010', 'ID00043']",ID00000,1,CyberShake,Terminated,0,100000000000,1,148,1,0,0,65,73,8,76.0,1000.0,3,4.0,[],20,24,4,1000.0,121
ID00000_15,15,"['ID00006', 'ID00039', 'ID00016', 'ID00027', 'ID00049', 'ID00004', 'ID00037', 'ID00014', 'ID00025', 'ID00047', 'ID00008', 'ID00018', 'ID00029', 'ID00020', 'ID00031', 'ID00041', 'ID00035', 'ID00012', 'ID00023', 'ID00045', 'ID00033', 'ID00010', 'ID00043']",ID00000,1,CyberShake,Terminated,0,100000000000,1,403,1,0,0,47,68,21,76.0,1000.0,0,9.0,[],20,29,9,1000.0,102
ID00000_16,16,"['ID00006', 'ID00039', 'ID00016', 'ID00027', 'ID00049', 'ID00004', 'ID00037', 'ID00014', 'ID00025', 'ID00047', 'ID00008', 'ID00018', 'ID00029', 'ID00020', 'ID00031', 'ID00041', 'ID00035', 'ID00012', 'ID00023', 'ID00045', 'ID00033', 'ID00010', 'ID00043']",ID00000,1,CyberShake,Terminated,0,100000000000,1,147,1,0,0,71,73,2,76.0,1000.0,10,4.0,[],20,24,4,1000.0,133
ID00000_17,17,"['ID00006', 'ID00039', 'ID00016', 'ID00027', 'ID00049', 'ID00004', 'ID00037', 'ID00014', 'ID00025', 'ID00047', 'ID00008', 'ID00018', 'ID00029', 'ID00020', 'ID00031', 'ID00041', 'ID00035', 'ID00012', 'ID00023', 'ID00045', 'ID00033', 'ID00010', 'ID00043']",ID00000,1,CyberShake,Terminated,0,100000000000,1,213,1,0,0,67,73,6,76.0,1000.0,4,5.0,[],20,25,5,1000.0,125
ID00000_18,18,"['ID00006', 'ID00039', 'ID00016', 'ID00027', 'ID00049', 'ID00004', 'ID00037', 'ID00014', 'ID00025', 'ID00047', 'ID00008', 'ID00018', 'ID00029', 'ID00020', 'ID00031', 'ID00041', 'ID00035', 'ID00012', 'ID00023', 'ID00045', 'ID00033', 'ID00010', 'ID00043']",ID00000,1,CyberShake,Terminated,0,100000000000,1,398,1,0,0,47,67,20,76.0,1000.0,1,9.0,[],20,29,9,1000.0,103
ID00000_19,19,"['ID00006', 'ID00039', 'ID00016', 'ID00027', 'ID00049', 'ID00004', 'ID00037', 'ID00014', 'ID00025', 'ID00047', 'ID00008', 'ID00018', 'ID00029', 'ID00020', 'ID00031', 'ID00041', 'ID00035', 'ID00012', 'ID00023', 'ID00045', 'ID00033', 'ID00010', 'ID00043']",ID00000,1,CyberShake,Terminated,0,100000000000,1,308,1,0,0,59,67,8,76.0,1000.0,4,7.0,[],20,27,7,1000.0,115
ID00000_20,20,"['ID00006', 'ID00039', 'ID00016', 'ID00027', 'ID00049', 'ID00004', 'ID00037', 'ID00014', 'ID00025', 'ID00047', 'ID00008', 'ID00018', 'ID00029', 'ID00020', 'ID00031', 'ID00041', 'ID00035', 'ID00012', 'ID00023', 'ID00045', 'ID00033', 'ID00010', 'ID00043']",ID00000,1,CyberShake,Terminated,0,100000000000,1,84,1,0,0,71,76,5,76.0,1000.0,2,2.0,[],20,22,2,1000.0,135
ID00000_21,21,"['ID00006', 'ID00039', 'ID00016', 'ID00027', 'ID00049', 'ID00004', 'ID00037', 'ID00014', 'ID00025', 'ID00047', 'ID00008', 'ID00018', 'ID00029', 'ID00020', 'ID00031', 'ID00041', 'ID00035', 'ID00012', 'ID00023', 'ID00045', 'ID00033', 'ID00010', 'ID00043']",ID00000,1,CyberShake,Terminated,0,100000000000,1,433,1,0,0,53,59,6,76.0,1000.0,10,10.0,[],20,30,10,1000.0,107
ID00000_22,22,"['ID00006', 'ID00039', 'ID00016', 'ID00027', 'ID00049', 'ID00004', 'ID00037', 'ID00014', 'ID00025', 'ID00047', 'ID00008', 'ID00018', 'ID00029', 'ID00020', 'ID00031', 'ID00041', 'ID00035', 'ID00012', 'ID00023', 'ID00045', 'ID00033', 'ID00010', 'ID00043']",ID00000,1,CyberShake,Terminated,0,100000000000,1,444,1,0,0,52,58,6,76.0,1000.0,11,10.0,[],20,30,10,1000.0,105
ID00000_23,23,"['ID00006', 'ID00039', 'ID00016', 'ID00027', 'ID00049', 'ID00004', 'ID00037', 'ID00014', 'ID00025', 'ID00047', 'ID00008', 'ID00018', 'ID00029', 'ID00020', 'ID00031', 'ID00041', 'ID00035', 'ID00012', 'ID00023', 'ID00045', 'ID00033', 'ID00010', 'ID00043']",ID00000,1,CyberShake,Terminated,0,100000000000,1,13,1,0,0,75,76,1,76.0,1000.0,0,1.0,[],20,21,1,1000.0,146
ID00001_0,24,"['ID00017', 'ID00028', 'ID00005', 'ID00038', 'ID00015', 'ID00026', 'ID00048', 'ID00003', 'ID00036', 'ID00009', 'ID00019', 'ID00007', 'ID00042', 'ID00030', 'ID00040', 'ID00013', 'ID00024', 'ID00046', 'ID00034', 'ID00011', 'ID00022', 'ID00044', 'ID00032']",ID00001,1,CyberShake,Terminated,0,100000000000,1,259,1,0,0,67,71,4,76.0,1000.0,11,6.0,[],11,17,6,1000.0,124
ID00001_1,25,"['ID00017', 'ID00028', 'ID00005', 'ID00038', 'ID00015', 'ID00026', 'ID00048', 'ID00003', 'ID00036', 'ID00009', 'ID00019', 'ID00007', 'ID00042', 'ID00030', 'ID00040', 'ID00013', 'ID00024', 'ID00046', 'ID00034', 'ID00011', 'ID00022', 'ID00044', 'ID00032']",ID00001,1,CyberShake,Terminated,0,100000000000,1,336,1,0,0,46,63,17,76.0,1000.0,2,8.0,[],11,19,8,1000.0,99
ID00001_2,26,"['ID00017', 'ID00028', 'ID00005', 'ID00038', 'ID00015', 'ID00026', 'ID00048', 'ID00003', 'ID00036', 'ID00009', 'ID00019', 'ID00007', 'ID00042', 'ID00030', 'ID00040', 'ID00013', 'ID00024', 'ID00046', 'ID00034', 'ID00011', 'ID00022', 'ID00044', 'ID00032']",ID00001,1,CyberShake,Terminated,0,100000000000,1,58,1,0,0,73,75,2,76.0,1000.0,6,2.0,[],11,13,2,1000.0,140
ID00001_3,27,"['ID00017', 'ID00028', 'ID00005', 'ID00038', 'ID00015', 'ID00026', 'ID00048', 'ID00003', 'ID00036', 'ID00009', 'ID00019', 'ID00007', 'ID00042', 'ID00030', 'ID00040', 'ID00013', 'ID00024', 'ID00046', 'ID00034', 'ID00011', 'ID00022', 'ID00044', 'ID00032']",ID00001,1,CyberShake,Terminated,0,100000000000,1,379,1,0,0,59,64,5,76.0,1000.0,9,9.0,[],11,20,9,1000.0,112
ID00001_4,28,"['ID00017', 'ID00028', 'ID00005', 'ID00038', 'ID00015', 'ID00026', 'ID00048', 'ID00003', 'ID00036', 'ID00009', 'ID00019', 'ID00007', 'ID00042', 'ID00030', 'ID00040', 'ID00013', 'ID00024', 'ID00046', 'ID00034', 'ID00011', 'ID00022', 'ID00044', 'ID00032']",ID00001,1,CyberShake,Terminated,0,100000000000,1,139,1,0,0,73,75,2,76.0,1000.0,10,3.0,[],11,14,3,1000.0,139
ID00001_5,29,"['ID00017', 'ID00028', 'ID00005', 'ID00038', 'ID00015', 'ID00026', 'ID00048', 'ID00003', 'ID00036', 'ID00009', 'ID00019', 'ID00007', 'ID00042', 'ID00030', 'ID00040', 'ID00013', 'ID00024', 'ID00046', 'ID00034', 'ID00011', 'ID00022', 'ID00044', 'ID00032']",ID00001,1,CyberShake,Terminated,0,100000000000,1,468,1,0,0,46,58,12,76.0,1000.0,5,11.0,[],11,22,11,1000.0,93
ID00001_6,30,"['ID00017', 'ID00028', 'ID00005', 'ID00038', 'ID00015', 'ID00026', 'ID00048', 'ID00003', 'ID00036', 'ID00009', 'ID00019', 'ID00007', 'ID00042', 'ID00030', 'ID00040', 'ID00013', 'ID00024', 'ID00046', 'ID00034', 'ID00011', 'ID00022', 'ID00044', 'ID00032']",ID00001,1,CyberShake,Terminated,0,100000000000,1,253,1,0,0,64,68,4,76.0,1000.0,9,6.0,[],11,17,6,1000.0,119
ID00001_7,31,"['ID00017', 'ID00028', 'ID00005', 'ID00038', 'ID00015', 'ID00026', 'ID00048', 'ID00003', 'ID00036', 'ID00009', 'ID00019', 'ID00007', 'ID00042', 'ID00030', 'ID00040', 'ID00013', 'ID00024', 'ID00046', 'ID00034', 'ID00011', 'ID00022', 'ID00044', 'ID00032']",ID00001,1,CyberShake,Terminated,0,100000000000,1,139,1,0,0,72,76,4,76.0,1000.0,7,3.0,[],11,14,3,1000.0,137
ID00001_8,32,"['ID00017', 'ID00028', 'ID00005', 'ID00038', 'ID00015', 'ID00026', 'ID00048', 'ID00003', 'ID00036', 'ID00009', 'ID00019', 'ID00007', 'ID00042', 'ID00030', 'ID00040', 'ID00013', 'ID00024', 'ID00046', 'ID00034', 'ID00011', 'ID00022', 'ID00044', 'ID00032']",ID00001,1,CyberShake,Terminated,0,100000000000,1,377,1,0,0,58,63,5,76.0,1000.0,11,9.0,[],11,20,9,1000.0,110
ID00001_9,33,"['ID00017', 'ID00028', 'ID00005', 'ID00038', 'ID00015', 'ID00026', 'ID00048', 'ID00003', 'ID00036', 'ID00009', 'ID00019', 'ID00007', 'ID00042', 'ID00030', 'ID00040', 'ID00013', 'ID00024', 'ID00046', 'ID00034', 'ID00011', 'ID00022', 'ID00044', 'ID00032']",ID00001,1,CyberShake,Terminated,0,100000000000,1,269,1,0,0,66,70,4,76.0,1000.0,8,6.0,[],11,17,6,1000.0,122
ID00001_10,34,"['ID00017', 'ID00028', 'ID00005', 'ID00038', 'ID00015', 'ID00026', 'ID00048', 'ID00003', 'ID00036', 'ID00009', 'ID00019', 'ID00007', 'ID00042', 'ID00030', 'ID00040', 'ID00013', 'ID00024', 'ID00046', 'ID00034', 'ID00011', 'ID00022', 'ID00044', 'ID00032']",ID00001,1,CyberShake,Terminated,0,100000000000,1,228,1,0,0,68,71,3,76.0,1000.0,10,5.0,[],11,16,5,1000.0,130
ID00001_11,35,"['ID00017', 'ID00028', 'ID00005', 'ID00038', 'ID00015', 'ID00026', 'ID00048', 'ID00003', 'ID00036', 'ID00009', 'ID00019', 'ID00007', 'ID00042', 'ID00030', 'ID00040', 'ID00013', 'ID00024', 'ID00046', 'ID00034', 'ID00011', 'ID00022', 'ID00044', 'ID00032']",ID00001,1,CyberShake,Terminated,0,100000000000,1,167,1,0,0,67,76,9,76.0,1000.0,1,4.0,[],11,15,4,1000.0,128
ID00001_12,36,"['ID00017', 'ID00028', 'ID00005', 'ID00038', 'ID00015', 'ID00026', 'ID00048', 'ID00003', 'ID00036', 'ID00009', 'ID00019', 'ID00007', 'ID00042', 'ID00030', 'ID00040', 'ID00013', 'ID00024', 'ID00046', 'ID00034', 'ID00011', 'ID00022', 'ID00044', 'ID00032']",ID00001,1,CyberShake,Terminated,0,100000000000,1,78,1,0,0,73,75,2,76.0,1000.0,5,2.0,[],11,13,2,1000.0,141
ID00001_13,37,"['ID00017', 'ID00028', 'ID00005', 'ID00038', 'ID00015', 'ID00026', 'ID00048', 'ID00003', 'ID00036', 'ID00009', 'ID00019', 'ID00007', 'ID00042', 'ID00030', 'ID00040', 'ID00013', 'ID00024', 'ID00046', 'ID00034', 'ID00011', 'ID00022', 'ID00044', 'ID00032']",ID00001,1,CyberShake,Terminated,0,100000000000,1,510,1,0,0,46,59,13,76.0,1000.0,6,11.0,[],11,22,11,1000.0,94
ID00001_14,38,"['ID00017', 'ID00028', 'ID00005', 'ID00038', 'ID00015', 'ID00026', 'ID00048', 'ID00003', 'ID00036', 'ID00009', 'ID00019', 'ID00007', 'ID00042', 'ID00030', 'ID00040', 'ID00013', 'ID00024', 'ID00046', 'ID00034', 'ID00011', 'ID00022', 'ID00044', 'ID00032']",ID00001,1,CyberShake,Terminated,0,100000000000,1,216,1,0,0,70,73,3,76.0,1000.0,8,5.0,[],11,16,5,1000.0,132
ID00001_15,39,"['ID00017', 'ID00028', 'ID00005', 'ID00038', 'ID00015', 'ID00026', 'ID00048', 'ID00003', 'ID00036', 'ID00009', 'ID00019', 'ID00007', 'ID00042', 'ID00030', 'ID00040', 'ID00013', 'ID00024', 'ID00046', 'ID00034', 'ID00011', 'ID00022', 'ID00044', 'ID00032']",ID00001,1,CyberShake,Terminated,0,100000000000,1,474,1,0,0,46,52,6,76.0,1000.0,11,11.0,[],11,22,11,1000.0,95
ID00001_16,40,"['ID00017', 'ID00028', 'ID00005', 'ID00038', 'ID00015', 'ID00026', 'ID00048', 'ID00003', 'ID00036', 'ID00009', 'ID00019', 'ID00007', 'ID00042', 'ID00030', 'ID00040', 'ID00013', 'ID00024', 'ID00046', 'ID00034', 'ID00011', 'ID00022', 'ID00044', 'ID00032']",ID00001,1,CyberShake,Terminated,0,100000000000,1,428,1,0,0,46,57,11,76.0,1000.0,7,10.0,[],11,21,10,1000.0,98
ID00001_17,41,"['ID00017', 'ID00028', 'ID00005', 'ID00038', 'ID00015', 'ID00026', 'ID00048', 'ID00003', 'ID00036', 'ID00009', 'ID00019', 'ID00007', 'ID00042', 'ID00030', 'ID00040', 'ID00013', 'ID00024', 'ID00046', 'ID00034', 'ID00011', 'ID00022', 'ID00044', 'ID00032']",ID00001,1,CyberShake,Terminated,0,100000000000,1,22,1,0,0,75,76,1,76.0,1000.0,5,1.0,[],11,12,1,1000.0,147
ID00001_18,42,"['ID00017', 'ID00028', 'ID00005', 'ID00038', 'ID00015', 'ID00026', 'ID00048', 'ID00003', 'ID00036', 'ID00009', 'ID00019', 'ID00007', 'ID00042', 'ID00030', 'ID00040', 'ID00013', 'ID00024', 'ID00046', 'ID00034', 'ID00011', 'ID00022', 'ID00044', 'ID00032']",ID00001,1,CyberShake,Terminated,0,100000000000,1,266,1,0,0,64,68,4,76.0,1000.0,10,6.0,[],11,17,6,1000.0,120
ID00001_19,43,"['ID00017', 'ID00028', 'ID00005', 'ID00038', 'ID00015', 'ID00026', 'ID00048', 'ID00003', 'ID00036', 'ID00009', 'ID00019', 'ID00007', 'ID00042', 'ID00030', 'ID00040', 'ID00013', 'ID00024', 'ID00046', 'ID00034', 'ID00011', 'ID00022', 'ID00044', 'ID00032']",ID00001,1,CyberShake,Terminated,0,100000000000,1,158,1,0,0,72,74,2,76.0,1000.0,9,4.0,[],11,15,4,1000.0,136
ID00001_20,44,"['ID00017', 'ID00028', 'ID00005', 'ID00038', 'ID00015', 'ID00026', 'ID00048', 'ID00003', 'ID00036', 'ID00009', 'ID00019', 'ID00007', 'ID00042', 'ID00030', 'ID00040', 'ID00013', 'ID00024', 'ID00046', 'ID00034', 'ID00011', 'ID00022', 'ID00044', 'ID00032']",ID00001,1,CyberShake,Terminated,0,100000000000,1,241,1,0,0,68,72,4,76.0,1000.0,9,6.0,[],11,17,6,1000.0,129
ID00001_21,45,"['ID00017', 'ID00028', 'ID00005', 'ID00038', 'ID00015', 'ID00026', 'ID00048', 'ID00003', 'ID00036', 'ID00009', 'ID00019', 'ID00007', 'ID00042', 'ID00030', 'ID00040', 'ID00013', 'ID00024', 'ID00046', 'ID00034', 'ID00011', 'ID00022', 'ID00044', 'ID00032']",ID00001,1,CyberShake,Terminated,0,100000000000,1,233,1,0,0,67,73,6,76.0,1000.0,5,5.0,[],11,16,5,1000.0,126
ID00001_22,46,"['ID00017', 'ID00028', 'ID00005', 'ID00038', 'ID00015', 'ID00026', 'ID00048', 'ID00003', 'ID00036', 'ID00009', 'ID00019', 'ID00007', 'ID00042', 'ID00030', 'ID00040', 'ID00013', 'ID00024', 'ID00046', 'ID00034', 'ID00011', 'ID00022', 'ID00044', 'ID00032']",ID00001,1,CyberShake,Terminated,0,100000000000,1,504,1,0,0,46,53,7,76.0,1000.0,10,11.0,[],11,22,11,1000.0,96
ID00001_23,47,"['ID00017', 'ID00028', 'ID00005', 'ID00038', 'ID00015', 'ID00026', 'ID00048', 'ID00003', 'ID00036', 'ID00009', 'ID00019', 'ID00007', 'ID00042', 'ID00030', 'ID00040', 'ID00013', 'ID00024', 'ID00046', 'ID00034', 'ID00011', 'ID00022', 'ID00044', 'ID00032']",ID00001,1,CyberShake,Terminated,0,100000000000,1,51,1,0,0,73,75,2,76.0,1000.0,4,2.0,[],11,13,2,1000.0,142
ID00002_0,48,[],ID00002,1,CyberShake,Terminated,0,100000000000,1,403,1,0,0,60,66,6,76.0,1000.0,8,9.0,[],0,9,9,1000.0,116
ID00002_1,49,[],ID00002,1,CyberShake,Terminated,0,100000000000,1,141,1,0,0,73,75,2,76.0,1000.0,8,4.0,[],0,4,4,1000.0,138
ID00002_2,50,[],ID00002,1,CyberShake,Terminated,0,100000000000,1,374,1,0,0,59,64,5,76.0,1000.0,10,9.0,[],0,9,9,1000.0,113
ID00002_3,51,[],ID00002,1,CyberShake,Terminated,0,100000000000,1,170,1,0,0,71,74,3,76.0,1000.0,11,4.0,[],0,4,4,1000.0,134
ID00002_4,52,[],ID00002,1,CyberShake,Terminated,0,100000000000,1,28,1,0,0,75,76,1,76.0,1000.0,4,1.0,[],0,1,1,1000.0,148
ID00003_0,53,[],ID00003,1,CyberShake,Terminated,0,100000000000,1,208,1,0,0,15,18,3,73.0,1000.0,10,24.0,"['ID00001_0', 'ID00001_1', 'ID00001_2', 'ID00001_3', 'ID00001_4', 'ID00001_5', 'ID00001_6', 'ID00001_7', 'ID00001_8', 'ID00001_9', 'ID00001_10', 'ID00001_11', 'ID00001_12', 'ID00001_13', 'ID00001_14', 'ID00001_15', 'ID00001_16', 'ID00001_17', 'ID00001_18', 'ID00001_19', 'ID00001_20', 'ID00001_21', 'ID00001_22', 'ID00001_23', 'ID00004_0', 'ID00004_1']",0,5,5,981.0,32
ID00003_1,54,[],ID00003,1,CyberShake,Terminated,0,100000000000,1,259,1,0,0,12,19,7,69.0,1000.0,4,25.0,"['ID00001_0', 'ID00001_1', 'ID00001_2', 'ID00001_3', 'ID00001_4', 'ID00001_5', 'ID00001_6', 'ID00001_7', 'ID00001_8', 'ID00001_9', 'ID00001_10', 'ID00001_11', 'ID00001_12', 'ID00001_13', 'ID00001_14', 'ID00001_15', 'ID00001_16', 'ID00001_17', 'ID00001_18', 'ID00001_19', 'ID00001_20', 'ID00001_21', 'ID00001_22', 'ID00001_23', 'ID00004_0', 'ID00004_1']",0,6,6,981.0,24
ID00004_0,55,['ID00003'],ID00004,1,CyberShake,Terminated,0,100000000000,1,210,1,0,0,37,43,6,70.0,1000.0,4,16.0,"['ID00000_0', 'ID00000_1', 'ID00000_2', 'ID00000_3', 'ID00000_4', 'ID00000_5', 'ID00000_6', 'ID00000_7', 'ID00000_8', 'ID00000_9', 'ID00000_10', 'ID00000_11', 'ID00000_12', 'ID00000_13', 'ID00000_14', 'ID00000_15', 'ID00000_16', 'ID00000_17', 'ID00000_18', 'ID00000_19', 'ID00000_20', 'ID00000_21', 'ID00000_22', 'ID00000_23']",5,10,5,989.0,68
ID00004_1,56,['ID00003'],ID00004,1,CyberShake,Terminated,0,100000000000,1,347,1,0,0,35,40,5,71.0,1000.0,9,19.0,"['ID00000_0', 'ID00000_1', 'ID00000_2', 'ID00000_3', 'ID00000_4', 'ID00000_5', 'ID00000_6', 'ID00000_7', 'ID00000_8', 'ID00000_9', 'ID00000_10', 'ID00000_11', 'ID00000_12', 'ID00000_13', 'ID00000_14', 'ID00000_15', 'ID00000_16', 'ID00000_17', 'ID00000_18', 'ID00000_19', 'ID00000_20', 'ID00000_21', 'ID00000_22', 'ID00000_23']",5,13,8,989.0,64
ID00005_0,57,[],ID00005,1,CyberShake,Terminated,0,100000000000,1,118,1,0,0,13,19,6,70.0,1000.0,2,24.0,"['ID00001_0', 'ID00001_1', 'ID00001_2', 'ID00001_3', 'ID00001_4', 'ID00001_5', 'ID00001_6', 'ID00001_7', 'ID00001_8', 'ID00001_9', 'ID00001_10', 'ID00001_11', 'ID00001_12', 'ID00001_13', 'ID00001_14', 'ID00001_15', 'ID00001_16', 'ID00001_17', 'ID00001_18', 'ID00001_19', 'ID00001_20', 'ID00001_21', 'ID00001_22', 'ID00001_23', 'ID00006_0', 'ID00006_1']",0,3,3,979.0,26
ID00005_1,58,[],ID00005,1,CyberShake,Terminated,0,100000000000,1,336,1,0,0,7,12,5,71.0,1000.0,9,29.0,"['ID00001_0', 'ID00001_1', 'ID00001_2', 'ID00001_3', 'ID00001_4', 'ID00001_5', 'ID00001_6', 'ID00001_7', 'ID00001_8', 'ID00001_9', 'ID00001_10', 'ID00001_11', 'ID00001_12', 'ID00001_13', 'ID00001_14', 'ID00001_15', 'ID00001_16', 'ID00001_17', 'ID00001_18', 'ID00001_19', 'ID00001_20', 'ID00001_21', 'ID00001_22', 'ID00001_23', 'ID00006_0', 'ID00006_1']",0,8,8,979.0,13
ID00006_0,59,['ID00005'],ID00006,1,CyberShake,Terminated,0,100000000000,1,443,1,0,0,23,29,6,70.0,1000.0,10,21.0,"['ID00000_0', 'ID00000_1', 'ID00000_2', 'ID00000_3', 'ID00000_4', 'ID00000_5', 'ID00000_6', 'ID00000_7', 'ID00000_8', 'ID00000_9', 'ID00000_10', 'ID00000_11', 'ID00000_12', 'ID00000_13', 'ID00000_14', 'ID00000_15', 'ID00000_16', 'ID00000_17', 'ID00000_18', 'ID00000_19', 'ID00000_20', 'ID00000_21', 'ID00000_22', 'ID00000_23']",3,13,10,989.0,48
ID00006_1,60,['ID00005'],ID00006,1,CyberShake,Terminated,0,100000000000,1,21,1,0,0,45,46,1,75.0,1000.0,10,12.0,"['ID00000_0', 'ID00000_1', 'ID00000_2', 'ID00000_3', 'ID00000_4', 'ID00000_5', 'ID00000_6', 'ID00000_7', 'ID00000_8', 'ID00000_9', 'ID00000_10', 'ID00000_11', 'ID00000_12', 'ID00000_13', 'ID00000_14', 'ID00000_15', 'ID00000_16', 'ID00000_17', 'ID00000_18', 'ID00000_19', 'ID00000_20', 'ID00000_21', 'ID00000_22', 'ID00000_23']",3,4,1,989.0,88
ID00007_0,61,[],ID00007,1,CyberShake,Terminated,0,100000000000,1,383,1,0,0,15,20,5,71.0,1000.0,8,25.0,"['ID00001_0', 'ID00001_1', 'ID00001_2', 'ID00001_3', 'ID00001_4', 'ID00001_5', 'ID00001_6', 'ID00001_7', 'ID00001_8', 'ID00001_9', 'ID00001_10', 'ID00001_11', 'ID00001_12', 'ID00001_13', 'ID00001_14', 'ID00001_15', 'ID00001_16', 'ID00001_17', 'ID00001_18', 'ID00001_19', 'ID00001_20', 'ID00001_21', 'ID00001_22', 'ID00001_23', 'ID00008_0', 'ID00008_1']",0,9,9,984.0,30
ID00007_1,62,[],ID00007,1,CyberShake,Terminated,0,100000000000,1,58,1,0,0,30,33,3,73.0,1000.0,2,18.0,"['ID00001_0', 'ID00001_1', 'ID00001_2', 'ID00001_3', 'ID00001_4', 'ID00001_5', 'ID00001_6', 'ID00001_7', 'ID00001_8', 'ID00001_9', 'ID00001_10', 'ID00001_11', 'ID00001_12', 'ID00001_13', 'ID00001_14', 'ID00001_15', 'ID00001_16', 'ID00001_17', 'ID00001_18', 'ID00001_19', 'ID00001_20', 'ID00001_21', 'ID00001_22', 'ID00001_23', 'ID00008_0', 'ID00008_1']",0,2,2,984.0,56
ID00008_0,63,['ID00007'],ID00008,1,CyberShake,Terminated,0,100000000000,1,205,1,0,0,37,43,6,70.0,1000.0,7,16.0,"['ID00000_0', 'ID00000_1', 'ID00000_2', 'ID00000_3', 'ID00000_4', 'ID00000_5', 'ID00000_6', 'ID00000_7', 'ID00000_8', 'ID00000_9', 'ID00000_10', 'ID00000_11', 'ID00000_12', 'ID00000_13', 'ID00000_14', 'ID00000_15', 'ID00000_16', 'ID00000_17', 'ID00000_18', 'ID00000_19', 'ID00000_20', 'ID00000_21', 'ID00000_22', 'ID00000_23']",9,14,5,989.0,69
ID00008_1,64,['ID00007'],ID00008,1,CyberShake,Terminated,0,100000000000,1,32,1,0,0,46,47,1,75.0,1000.0,4,12.0,"['ID00000_0', 'ID00000_1', 'ID00000_2', 'ID00000_3', 'ID00000_4', 'ID00000_5', 'ID00000_6', 'ID00000_7', 'ID00000_8', 'ID00000_9', 'ID00000_10', 'ID00000_11', 'ID00000_12', 'ID00000_13', 'ID00000_14', 'ID00000_15', 'ID00000_16', 'ID00000_17', 'ID00000_18', 'ID00000_19', 'ID00000_20', 'ID00000_21', 'ID00000_22', 'ID00000_23']",9,10,1,989.0,91
ID00009_0,65,[],ID00009,1,CyberShake,Terminated,0,100000000000,1,149,1,0,0,13,17,4,72.0,1000.0,5,24.0,"['ID00001_0', 'ID00001_1', 'ID00001_2', 'ID00001_3', 'ID00001_4', 'ID00001_5', 'ID00001_6', 'ID00001_7', 'ID00001_8', 'ID00001_9', 'ID00001_10', 'ID00001_11', 'ID00001_12', 'ID00001_13', 'ID00001_14', 'ID00001_15', 'ID00001_16', 'ID00001_17', 'ID00001_18', 'ID00001_19', 'ID00001_20', 'ID00001_21', 'ID00001_22', 'ID00001_23', 'ID00010_0', 'ID00010_1']",0,4,4,980.0,27
ID00009_1,66,[],ID00009,1,CyberShake,Terminated,0,100000000000,1,379,1,0,0,0,10,10,66.0,1000.0,7,29.0,"['ID00001_0', 'ID00001_1', 'ID00001_2', 'ID00001_3', 'ID00001_4', 'ID00001_5', 'ID00001_6', 'ID00001_7', 'ID00001_8', 'ID00001_9', 'ID00001_10', 'ID00001_11', 'ID00001_12', 'ID00001_13', 'ID00001_14', 'ID00001_15', 'ID00001_16', 'ID00001_17', 'ID00001_18', 'ID00001_19', 'ID00001_20', 'ID00001_21', 'ID00001_22', 'ID00001_23', 'ID00010_0', 'ID00010_1']",0,9,9,980.0,8
ID00010_0,67,['ID00009'],ID00010,1,CyberShake,Terminated,0,100000000000,1,412,1,0,0,29,35,6,70.0,1000.0,9,20.0,"['ID00000_0', 'ID00000_1', 'ID00000_2', 'ID00000_3', 'ID00000_4', 'ID00000_5', 'ID00000_6', 'ID00000_7', 'ID00000_8', 'ID00000_9', 'ID00000_10', 'ID00000_11', 'ID00000_12', 'ID00000_13', 'ID00000_14', 'ID00000_15', 'ID00000_16', 'ID00000_17', 'ID00000_18', 'ID00000_19', 'ID00000_20', 'ID00000_21', 'ID00000_22', 'ID00000_23']",4,13,9,989.0,53
ID00010_1,68,['ID00009'],ID00010,1,CyberShake,Terminated,0,100000000000,1,291,1,0,0,35,39,4,72.0,1000.0,11,18.0,"['ID00000_0', 'ID00000_1', 'ID00000_2', 'ID00000_3', 'ID00000_4', 'ID00000_5', 'ID00000_6', 'ID00000_7', 'ID00000_8', 'ID00000_9', 'ID00000_10', 'ID00000_11', 'ID00000_12', 'ID00000_13', 'ID00000_14', 'ID00000_15', 'ID00000_16', 'ID00000_17', 'ID00000_18', 'ID00000_19', 'ID00000_20', 'ID00000_21', 'ID00000_22', 'ID00000_23']",4,11,7,989.0,65
ID00011_0,69,[],ID00011,1,CyberShake,Terminated,0,100000000000,1,371,1,0,0,7,12,5,71.0,1000.0,8,29.0,"['ID00001_0', 'ID00001_1', 'ID00001_2', 'ID00001_3', 'ID00001_4', 'ID00001_5', 'ID00001_6', 'ID00001_7', 'ID00001_8', 'ID00001_9', 'ID00001_10', 'ID00001_11', 'ID00001_12', 'ID00001_13', 'ID00001_14', 'ID00001_15', 'ID00001_16', 'ID00001_17', 'ID00001_18', 'ID00001_19', 'ID00001_20', 'ID00001_21', 'ID00001_22', 'ID00001_23', 'ID00012_0', 'ID00012_1']",0,8,8,979.0,14
ID00011_1,70,[],ID00011,1,CyberShake,Terminated,0,100000000000,1,139,1,0,0,10,17,7,69.0,1000.0,0,24.0,"['ID00001_0', 'ID00001_1', 'ID00001_2', 'ID00001_3', 'ID00001_4', 'ID00001_5', 'ID00001_6', 'ID00001_7', 'ID00001_8', 'ID00001_9', 'ID00001_10', 'ID00001_11', 'ID00001_12', 'ID00001_13', 'ID00001_14', 'ID00001_15', 'ID00001_16', 'ID00001_17', 'ID00001_18', 'ID00001_19', 'ID00001_20', 'ID00001_21', 'ID00001_22', 'ID00001_23', 'ID00012_0', 'ID00012_1']",0,3,3,979.0,19
ID00012_0,71,['ID00011'],ID00012,1,CyberShake,Terminated,0,100000000000,1,455,1,0,0,21,33,12,64.0,1000.0,7,21.0,"['ID00000_0', 'ID00000_1', 'ID00000_2', 'ID00000_3', 'ID00000_4', 'ID00000_5', 'ID00000_6', 'ID00000_7', 'ID00000_8', 'ID00000_9', 'ID00000_10', 'ID00000_11', 'ID00000_12', 'ID00000_13', 'ID00000_14', 'ID00000_15', 'ID00000_16', 'ID00000_17', 'ID00000_18', 'ID00000_19', 'ID00000_20', 'ID00000_21', 'ID00000_22', 'ID00000_23']",8,18,10,989.0,45
ID00012_1,72,['ID00011'],ID00012,1,CyberShake,Terminated,0,100000000000,1,461,1,0,0,19,31,12,64.0,1000.0,4,21.0,"['ID00000_0', 'ID00000_1', 'ID00000_2', 'ID00000_3', 'ID00000_4', 'ID00000_5', 'ID00000_6', 'ID00000_7', 'ID00000_8', 'ID00000_9', 'ID00000_10', 'ID00000_11', 'ID00000_12', 'ID00000_13', 'ID00000_14', 'ID00000_15', 'ID00000_16', 'ID00000_17', 'ID00000_18', 'ID00000_19', 'ID00000_20', 'ID00000_21', 'ID00000_22', 'ID00000_23']",8,18,10,989.0,40
ID00013_0,73,[],ID00013,1,CyberShake,Terminated,0,100000000000,1,162,1,0,0,17,26,9,67.0,1000.0,3,21.0,"['ID00001_0', 'ID00001_1', 'ID00001_2', 'ID00001_3', 'ID00001_4', 'ID00001_5', 'ID00001_6', 'ID00001_7', 'ID00001_8', 'ID00001_9', 'ID00001_10', 'ID00001_11', 'ID00001_12', 'ID00001_13', 'ID00001_14', 'ID00001_15', 'ID00001_16', 'ID00001_17', 'ID00001_18', 'ID00001_19', 'ID00001_20', 'ID00001_21', 'ID00001_22', 'ID00001_23', 'ID00014_0', 'ID00014_1']",0,4,4,983.0,34
ID00013_1,74,[],ID00013,1,CyberShake,Terminated,0,100000000000,1,468,1,0,0,7,13,6,70.0,1000.0,11,28.0,"['ID00001_0', 'ID00001_1', 'ID00001_2', 'ID00001_3', 'ID00001_4', 'ID00001_5', 'ID00001_6', 'ID00001_7', 'ID00001_8', 'ID00001_9', 'ID00001_10', 'ID00001_11', 'ID00001_12', 'ID00001_13', 'ID00001_14', 'ID00001_15', 'ID00001_16', 'ID00001_17', 'ID00001_18', 'ID00001_19', 'ID00001_20', 'ID00001_21', 'ID00001_22', 'ID00001_23', 'ID00014_0', 'ID00014_1']",0,11,11,983.0,15
ID00014_0,75,['ID00013'],ID00014,1,CyberShake,Terminated,0,100000000000,1,239,1,0,0,30,42,12,64.0,1000.0,3,17.0,"['ID00000_0', 'ID00000_1', 'ID00000_2', 'ID00000_3', 'ID00000_4', 'ID00000_5', 'ID00000_6', 'ID00000_7', 'ID00000_8', 'ID00000_9', 'ID00000_10', 'ID00000_11', 'ID00000_12', 'ID00000_13', 'ID00000_14', 'ID00000_15', 'ID00000_16', 'ID00000_17', 'ID00000_18', 'ID00000_19', 'ID00000_20', 'ID00000_21', 'ID00000_22', 'ID00000_23']",4,10,6,989.0,57
ID00014_1,76,['ID00013'],ID00014,1,CyberShake,Terminated,0,100000000000,1,41,1,0,0,46,47,1,75.0,1000.0,8,12.0,"['ID00000_0', 'ID00000_1', 'ID00000_2', 'ID00000_3', 'ID00000_4', 'ID00000_5', 'ID00000_6', 'ID00000_7', 'ID00000_8', 'ID00000_9', 'ID00000_10', 'ID00000_11', 'ID00000_12', 'ID00000_13', 'ID00000_14', 'ID00000_15', 'ID00000_16', 'ID00000_17', 'ID00000_18', 'ID00000_19', 'ID00000_20', 'ID00000_21', 'ID00000_22', 'ID00000_23']",4,5,1,989.0,92
ID00015_0,77,[],ID00015,1,CyberShake,Terminated,0,100000000000,1,497,1,0,0,0,7,7,69.0,1000.0,10,31.0,"['ID00001_0', 'ID00001_1', 'ID00001_2', 'ID00001_3', 'ID00001_4', 'ID00001_5', 'ID00001_6', 'ID00001_7', 'ID00001_8', 'ID00001_9', 'ID00001_10', 'ID00001_11', 'ID00001_12', 'ID00001_13', 'ID00001_14', 'ID00001_15', 'ID00001_16', 'ID00001_17', 'ID00001_18', 'ID00001_19', 'ID00001_20', 'ID00001_21', 'ID00001_22', 'ID00001_23', 'ID00016_0', 'ID00016_1']",0,11,11,980.0,2
ID00015_1,78,[],ID00015,1,CyberShake,Terminated,0,100000000000,1,253,1,0,0,0,13,13,63.0,1000.0,2,26.0,"['ID00001_0', 'ID00001_1', 'ID00001_2', 'ID00001_3', 'ID00001_4', 'ID00001_5', 'ID00001_6', 'ID00001_7', 'ID00001_8', 'ID00001_9', 'ID00001_10', 'ID00001_11', 'ID00001_12', 'ID00001_13', 'ID00001_14', 'ID00001_15', 'ID00001_16', 'ID00001_17', 'ID00001_18', 'ID00001_19', 'ID00001_20', 'ID00001_21', 'ID00001_22', 'ID00001_23', 'ID00016_0', 'ID00016_1']",0,6,6,980.0,11
ID00016_0,79,['ID00015'],ID00016,1,CyberShake,Terminated,0,100000000000,1,392,1,0,0,29,34,5,71.0,1000.0,10,20.0,"['ID00000_0', 'ID00000_1', 'ID00000_2', 'ID00000_3', 'ID00000_4', 'ID00000_5', 'ID00000_6', 'ID00000_7', 'ID00000_8', 'ID00000_9', 'ID00000_10', 'ID00000_11', 'ID00000_12', 'ID00000_13', 'ID00000_14', 'ID00000_15', 'ID00000_16', 'ID00000_17', 'ID00000_18', 'ID00000_19', 'ID00000_20', 'ID00000_21', 'ID00000_22', 'ID00000_23']",11,20,9,989.0,54
ID00016_1,80,['ID00015'],ID00016,1,CyberShake,Terminated,0,100000000000,1,158,1,0,0,43,45,2,74.0,1000.0,10,15.0,"['ID00000_0', 'ID00000_1', 'ID00000_2', 'ID00000_3', 'ID00000_4', 'ID00000_5', 'ID00000_6', 'ID00000_7', 'ID00000_8', 'ID00000_9', 'ID00000_10', 'ID00000_11', 'ID00000_12', 'ID00000_13', 'ID00000_14', 'ID00000_15', 'ID00000_16', 'ID00000_17', 'ID00000_18', 'ID00000_19', 'ID00000_20', 'ID00000_21', 'ID00000_22', 'ID00000_23']",11,15,4,989.0,80
ID00017_0,81,[],ID00017,1,CyberShake,Terminated,0,100000000000,1,29,1,0,0,33,35,2,74.0,1000.0,2,17.0,"['ID00001_0', 'ID00001_1', 'ID00001_2', 'ID00001_3', 'ID00001_4', 'ID00001_5', 'ID00001_6', 'ID00001_7', 'ID00001_8', 'ID00001_9', 'ID00001_10', 'ID00001_11', 'ID00001_12', 'ID00001_13', 'ID00001_14', 'ID00001_15', 'ID00001_16', 'ID00001_17', 'ID00001_18', 'ID00001_19', 'ID00001_20', 'ID00001_21', 'ID00001_22', 'ID00001_23', 'ID00018_0', 'ID00018_1']",0,1,1,984.0,62
ID00017_1,82,[],ID00017,1,CyberShake,Terminated,0,100000000000,1,139,1,0,0,31,35,4,72.0,1000.0,6,19.0,"['ID00001_0', 'ID00001_1', 'ID00001_2', 'ID00001_3', 'ID00001_4', 'ID00001_5', 'ID00001_6', 'ID00001_7', 'ID00001_8', 'ID00001_9', 'ID00001_10', 'ID00001_11', 'ID00001_12', 'ID00001_13', 'ID00001_14', 'ID00001_15', 'ID00001_16', 'ID00001_17', 'ID00001_18', 'ID00001_19', 'ID00001_20', 'ID00001_21', 'ID00001_22', 'ID00001_23', 'ID00018_0', 'ID00018_1']",0,3,3,984.0,58
ID00018_0,83,['ID00017'],ID00018,1,CyberShake,Terminated,0,100000000000,1,64,1,0,0,43,45,2,74.0,1000.0,7,13.0,"['ID00000_0', 'ID00000_1', 'ID00000_2', 'ID00000_3', 'ID00000_4', 'ID00000_5', 'ID00000_6', 'ID00000_7', 'ID00000_8', 'ID00000_9', 'ID00000_10', 'ID00000_11', 'ID00000_12', 'ID00000_13', 'ID00000_14', 'ID00000_15', 'ID00000_16', 'ID00000_17', 'ID00000_18', 'ID00000_19', 'ID00000_20', 'ID00000_21', 'ID00000_22', 'ID00000_23']",1,3,2,989.0,84
ID00018_1,84,['ID00017'],ID00018,1,CyberShake,Terminated,0,100000000000,1,217,1,0,0,38,44,6,70.0,1000.0,5,16.0,"['ID00000_0', 'ID00000_1', 'ID00000_2', 'ID00000_3', 'ID00000_4', 'ID00000_5', 'ID00000_6', 'ID00000_7', 'ID00000_8', 'ID00000_9', 'ID00000_10', 'ID00000_11', 'ID00000_12', 'ID00000_13', 'ID00000_14', 'ID00000_15', 'ID00000_16', 'ID00000_17', 'ID00000_18', 'ID00000_19', 'ID00000_20', 'ID00000_21', 'ID00000_22', 'ID00000_23']",1,6,5,989.0,72
ID00019_0,85,[],ID00019,1,CyberShake,Terminated,0,100000000000,1,28,1,0,0,15,17,2,74.0,1000.0,3,22.0,"['ID00001_0', 'ID00001_1', 'ID00001_2', 'ID00001_3', 'ID00001_4', 'ID00001_5', 'ID00001_6', 'ID00001_7', 'ID00001_8', 'ID00001_9', 'ID00001_10', 'ID00001_11', 'ID00001_12', 'ID00001_13', 'ID00001_14', 'ID00001_15', 'ID00001_16', 'ID00001_17', 'ID00001_18', 'ID00001_19', 'ID00001_20', 'ID00001_21', 'ID00001_22', 'ID00001_23', 'ID00020_0', 'ID00020_1']",0,1,1,979.0,33
ID00019_1,86,[],ID00019,1,CyberShake,Terminated,0,100000000000,1,377,1,0,0,0,10,10,66.0,1000.0,6,30.0,"['ID00001_0', 'ID00001_1', 'ID00001_2', 'ID00001_3', 'ID00001_4', 'ID00001_5', 'ID00001_6', 'ID00001_7', 'ID00001_8', 'ID00001_9', 'ID00001_10', 'ID00001_11', 'ID00001_12', 'ID00001_13', 'ID00001_14', 'ID00001_15', 'ID00001_16', 'ID00001_17', 'ID00001_18', 'ID00001_19', 'ID00001_20', 'ID00001_21', 'ID00001_22', 'ID00001_23', 'ID00020_0', 'ID00020_1']",0,9,9,979.0,6
ID00020_0,87,['ID00019'],ID00020,1,CyberShake,Terminated,0,100000000000,1,71,1,0,0,42,46,4,72.0,1000.0,3,13.0,"['ID00000_0', 'ID00000_1', 'ID00000_2', 'ID00000_3', 'ID00000_4', 'ID00000_5', 'ID00000_6', 'ID00000_7', 'ID00000_8', 'ID00000_9', 'ID00000_10', 'ID00000_11', 'ID00000_12', 'ID00000_13', 'ID00000_14', 'ID00000_15', 'ID00000_16', 'ID00000_17', 'ID00000_18', 'ID00000_19', 'ID00000_20', 'ID00000_21', 'ID00000_22', 'ID00000_23']",1,3,2,989.0,79
ID00020_1,88,['ID00019'],ID00020,1,CyberShake,Terminated,0,100000000000,1,446,1,0,0,23,29,6,70.0,1000.0,9,21.0,"['ID00000_0', 'ID00000_1', 'ID00000_2', 'ID00000_3', 'ID00000_4', 'ID00000_5', 'ID00000_6', 'ID00000_7', 'ID00000_8', 'ID00000_9', 'ID00000_10', 'ID00000_11', 'ID00000_12', 'ID00000_13', 'ID00000_14', 'ID00000_15', 'ID00000_16', 'ID00000_17', 'ID00000_18', 'ID00000_19', 'ID00000_20', 'ID00000_21', 'ID00000_22', 'ID00000_23']",1,11,10,989.0,49
ID00021_0,89,[],ID00021,1,CyberShake,Terminated,0,100000000000,1,507,1,0,0,46,53,7,76.0,1000.0,9,11.0,[],0,11,11,1000.0,97
ID00021_1,90,[],ID00021,1,CyberShake,Terminated,0,100000000000,1,307,1,0,0,63,67,4,76.0,1000.0,11,7.0,[],0,7,7,1000.0,117
ID00021_2,91,[],ID00021,1,CyberShake,Terminated,0,100000000000,1,206,1,0,0,67,73,6,76.0,1000.0,6,5.0,[],0,5,5,1000.0,127
ID00022_0,92,[],ID00022,1,CyberShake,Terminated,0,100000000000,1,205,1,0,0,0,11,11,65.0,1000.0,1,27.0,"['ID00001_0', 'ID00001_1', 'ID00001_2', 'ID00001_3', 'ID00001_4', 'ID00001_5', 'ID00001_6', 'ID00001_7', 'ID00001_8', 'ID00001_9', 'ID00001_10', 'ID00001_11', 'ID00001_12', 'ID00001_13', 'ID00001_14', 'ID00001_15', 'ID00001_16', 'ID00001_17', 'ID00001_18', 'ID00001_19', 'ID00001_20', 'ID00001_21', 'ID00001_22', 'ID00001_23', 'ID00023_0', 'ID00023_1']",0,5,5,978.0,9
ID00022_1,93,[],ID00022,1,CyberShake,Terminated,0,100000000000,1,269,1,0,0,7,11,4,72.0,1000.0,10,28.0,"['ID00001_0', 'ID00001_1', 'ID00001_2', 'ID00001_3', 'ID00001_4', 'ID00001_5', 'ID00001_6', 'ID00001_7', 'ID00001_8', 'ID00001_9', 'ID00001_10', 'ID00001_11', 'ID00001_12', 'ID00001_13', 'ID00001_14', 'ID00001_15', 'ID00001_16', 'ID00001_17', 'ID00001_18', 'ID00001_19', 'ID00001_20', 'ID00001_21', 'ID00001_22', 'ID00001_23', 'ID00023_0', 'ID00023_1']",0,6,6,978.0,16
ID00023_0,94,['ID00022'],ID00023,1,CyberShake,Terminated,0,100000000000,1,301,1,0,0,38,42,4,72.0,1000.0,8,18.0,"['ID00000_0', 'ID00000_1', 'ID00000_2', 'ID00000_3', 'ID00000_4', 'ID00000_5', 'ID00000_6', 'ID00000_7', 'ID00000_8', 'ID00000_9', 'ID00000_10', 'ID00000_11', 'ID00000_12', 'ID00000_13', 'ID00000_14', 'ID00000_15', 'ID00000_16', 'ID00000_17', 'ID00000_18', 'ID00000_19', 'ID00000_20', 'ID00000_21', 'ID00000_22', 'ID00000_23']",5,12,7,989.0,71
ID00023_1,95,['ID00022'],ID00023,1,CyberShake,Terminated,0,100000000000,1,493,1,0,0,22,29,7,69.0,1000.0,11,22.0,"['ID00000_0', 'ID00000_1', 'ID00000_2', 'ID00000_3', 'ID00000_4', 'ID00000_5', 'ID00000_6', 'ID00000_7', 'ID00000_8', 'ID00000_9', 'ID00000_10', 'ID00000_11', 'ID00000_12', 'ID00000_13', 'ID00000_14', 'ID00000_15', 'ID00000_16', 'ID00000_17', 'ID00000_18', 'ID00000_19', 'ID00000_20', 'ID00000_21', 'ID00000_22', 'ID00000_23']",5,16,11,989.0,47
ID00024_0,96,[],ID00024,1,CyberShake,Terminated,0,100000000000,1,154,1,0,0,33,37,4,72.0,1000.0,7,18.0,"['ID00001_0', 'ID00001_1', 'ID00001_2', 'ID00001_3', 'ID00001_4', 'ID00001_5', 'ID00001_6', 'ID00001_7', 'ID00001_8', 'ID00001_9', 'ID00001_10', 'ID00001_11', 'ID00001_12', 'ID00001_13', 'ID00001_14', 'ID00001_15', 'ID00001_16', 'ID00001_17', 'ID00001_18', 'ID00001_19', 'ID00001_20', 'ID00001_21', 'ID00001_22', 'ID00001_23', 'ID00025_0', 'ID00025_1']",0,4,4,986.0,61
ID00024_1,97,[],ID00024,1,CyberShake,Terminated,0,100000000000,1,228,1,0,0,31,37,6,70.0,1000.0,4,19.0,"['ID00001_0', 'ID00001_1', 'ID00001_2', 'ID00001_3', 'ID00001_4', 'ID00001_5', 'ID00001_6', 'ID00001_7', 'ID00001_8', 'ID00001_9', 'ID00001_10', 'ID00001_11', 'ID00001_12', 'ID00001_13', 'ID00001_14', 'ID00001_15', 'ID00001_16', 'ID00001_17', 'ID00001_18', 'ID00001_19', 'ID00001_20', 'ID00001_21', 'ID00001_22', 'ID00001_23', 'ID00025_0', 'ID00025_1']",0,5,5,986.0,59
ID00025_0,98,['ID00024'],ID00025,1,CyberShake,Terminated,0,100000000000,1,129,1,0,0,39,46,7,69.0,1000.0,0,14.0,"['ID00000_0', 'ID00000_1', 'ID00000_2', 'ID00000_3', 'ID00000_4', 'ID00000_5', 'ID00000_6', 'ID00000_7', 'ID00000_8', 'ID00000_9', 'ID00000_10', 'ID00000_11', 'ID00000_12', 'ID00000_13', 'ID00000_14', 'ID00000_15', 'ID00000_16', 'ID00000_17', 'ID00000_18', 'ID00000_19', 'ID00000_20', 'ID00000_21', 'ID00000_22', 'ID00000_23']",4,7,3,989.0,76
ID00025_1,99,['ID00024'],ID00025,1,CyberShake,Terminated,0,100000000000,1,123,1,0,0,44,46,2,74.0,1000.0,8,14.0,"['ID00000_0', 'ID00000_1', 'ID00000_2', 'ID00000_3', 'ID00000_4', 'ID00000_5', 'ID00000_6', 'ID00000_7', 'ID00000_8', 'ID00000_9', 'ID00000_10', 'ID00000_11', 'ID00000_12', 'ID00000_13', 'ID00000_14', 'ID00000_15', 'ID00000_16', 'ID00000_17', 'ID00000_18', 'ID00000_19', 'ID00000_20', 'ID00000_21', 'ID00000_22', 'ID00000_23']",4,7,3,989.0,86
ID00026_0,100,[],ID00026,1,CyberShake,Terminated,0,100000000000,1,232,1,0,0,15,18,3,73.0,1000.0,9,25.0,"['ID00001_0', 'ID00001_1', 'ID00001_2', 'ID00001_3', 'ID00001_4', 'ID00001_5', 'ID00001_6', 'ID00001_7', 'ID00001_8', 'ID00001_9', 'ID00001_10', 'ID00001_11', 'ID00001_12', 'ID00001_13', 'ID00001_14', 'ID00001_15', 'ID00001_16', 'ID00001_17', 'ID00001_18', 'ID00001_19', 'ID00001_20', 'ID00001_21', 'ID00001_22', 'ID00001_23', 'ID00027_0', 'ID00027_1']",0,5,5,980.0,31
ID00026_1,101,[],ID00026,1,CyberShake,Terminated,0,100000000000,1,167,1,0,0,11,20,9,67.0,1000.0,1,24.0,"['ID00001_0', 'ID00001_1', 'ID00001_2', 'ID00001_3', 'ID00001_4', 'ID00001_5', 'ID00001_6', 'ID00001_7', 'ID00001_8', 'ID00001_9', 'ID00001_10', 'ID00001_11', 'ID00001_12', 'ID00001_13', 'ID00001_14', 'ID00001_15', 'ID00001_16', 'ID00001_17', 'ID00001_18', 'ID00001_19', 'ID00001_20', 'ID00001_21', 'ID00001_22', 'ID00001_23', 'ID00027_0', 'ID00027_1']",0,4,4,980.0,21
ID00027_0,102,['ID00026'],ID00027,1,CyberShake,Terminated,0,100000000000,1,384,1,0,0,33,38,5,71.0,1000.0,8,20.0,"['ID00000_0', 'ID00000_1', 'ID00000_2', 'ID00000_3', 'ID00000_4', 'ID00000_5', 'ID00000_6', 'ID00000_7', 'ID00000_8', 'ID00000_9', 'ID00000_10', 'ID00000_11', 'ID00000_12', 'ID00000_13', 'ID00000_14', 'ID00000_15', 'ID00000_16', 'ID00000_17', 'ID00000_18', 'ID00000_19', 'ID00000_20', 'ID00000_21', 'ID00000_22', 'ID00000_23']",5,14,9,989.0,60
ID00027_1,103,['ID00026'],ID00027,1,CyberShake,Terminated,0,100000000000,1,419,1,0,0,29,35,6,70.0,1000.0,11,20.0,"['ID00000_0', 'ID00000_1', 'ID00000_2', 'ID00000_3', 'ID00000_4', 'ID00000_5', 'ID00000_6', 'ID00000_7', 'ID00000_8', 'ID00000_9', 'ID00000_10', 'ID00000_11', 'ID00000_12', 'ID00000_13', 'ID00000_14', 'ID00000_15', 'ID00000_16', 'ID00000_17', 'ID00000_18', 'ID00000_19', 'ID00000_20', 'ID00000_21', 'ID00000_22', 'ID00000_23']",5,14,9,989.0,55
ID00028_0,104,[],ID00028,1,CyberShake,Terminated,0,100000000000,1,496,1,0,0,0,13,13,63.0,1000.0,5,30.0,"['ID00001_0', 'ID00001_1', 'ID00001_2', 'ID00001_3', 'ID00001_4', 'ID00001_5', 'ID00001_6', 'ID00001_7', 'ID00001_8', 'ID00001_9', 'ID00001_10', 'ID00001_11', 'ID00001_12', 'ID00001_13', 'ID00001_14', 'ID00001_15', 'ID00001_16', 'ID00001_17', 'ID00001_18', 'ID00001_19', 'ID00001_20', 'ID00001_21', 'ID00001_22', 'ID00001_23', 'ID00029_0', 'ID00029_1']",0,11,11,981.0,7
ID00028_1,105,[],ID00028,1,CyberShake,Terminated,0,100000000000,1,78,1,0,0,17,21,4,72.0,1000.0,0,21.0,"['ID00001_0', 'ID00001_1', 'ID00001_2', 'ID00001_3', 'ID00001_4', 'ID00001_5', 'ID00001_6', 'ID00001_7', 'ID00001_8', 'ID00001_9', 'ID00001_10', 'ID00001_11', 'ID00001_12', 'ID00001_13', 'ID00001_14', 'ID00001_15', 'ID00001_16', 'ID00001_17', 'ID00001_18', 'ID00001_19', 'ID00001_20', 'ID00001_21', 'ID00001_22', 'ID00001_23', 'ID00029_0', 'ID00029_1']",0,2,2,981.0,35
ID00029_0,106,['ID00028'],ID00029,1,CyberShake,Terminated,0,100000000000,1,44,1,0,0,44,46,2,74.0,1000.0,5,12.0,"['ID00000_0', 'ID00000_1', 'ID00000_2', 'ID00000_3', 'ID00000_4', 'ID00000_5', 'ID00000_6', 'ID00000_7', 'ID00000_8', 'ID00000_9', 'ID00000_10', 'ID00000_11', 'ID00000_12', 'ID00000_13', 'ID00000_14', 'ID00000_15', 'ID00000_16', 'ID00000_17', 'ID00000_18', 'ID00000_19', 'ID00000_20', 'ID00000_21', 'ID00000_22', 'ID00000_23']",11,12,1,989.0,87
ID00029_1,107,['ID00028'],ID00029,1,CyberShake,Terminated,0,100000000000,1,346,1,0,0,21,39,18,58.0,1000.0,0,19.0,"['ID00000_0', 'ID00000_1', 'ID00000_2', 'ID00000_3', 'ID00000_4', 'ID00000_5', 'ID00000_6', 'ID00000_7', 'ID00000_8', 'ID00000_9', 'ID00000_10', 'ID00000_11', 'ID00000_12', 'ID00000_13', 'ID00000_14', 'ID00000_15', 'ID00000_16', 'ID00000_17', 'ID00000_18', 'ID00000_19', 'ID00000_20', 'ID00000_21', 'ID00000_22', 'ID00000_23']",11,19,8,989.0,46
ID00030_0,108,[],ID00030,1,CyberShake,Terminated,0,100000000000,1,175,1,0,0,14,19,5,71.0,1000.0,6,24.0,"['ID00001_0', 'ID00001_1', 'ID00001_2', 'ID00001_3', 'ID00001_4', 'ID00001_5', 'ID00001_6', 'ID00001_7', 'ID00001_8', 'ID00001_9', 'ID00001_10', 'ID00001_11', 'ID00001_12', 'ID00001_13', 'ID00001_14', 'ID00001_15', 'ID00001_16', 'ID00001_17', 'ID00001_18', 'ID00001_19', 'ID00001_20', 'ID00001_21', 'ID00001_22', 'ID00001_23', 'ID00031_0', 'ID00031_1']",0,4,4,980.0,28
ID00030_1,109,[],ID00030,1,CyberShake,Terminated,0,100000000000,1,510,1,0,0,0,7,7,69.0,1000.0,11,31.0,"['ID00001_0', 'ID00001_1', 'ID00001_2', 'ID00001_3', 'ID00001_4', 'ID00001_5', 'ID00001_6', 'ID00001_7', 'ID00001_8', 'ID00001_9', 'ID00001_10', 'ID00001_11', 'ID00001_12', 'ID00001_13', 'ID00001_14', 'ID00001_15', 'ID00001_16', 'ID00001_17', 'ID00001_18', 'ID00001_19', 'ID00001_20', 'ID00001_21', 'ID00001_22', 'ID00001_23', 'ID00031_0', 'ID00031_1']",0,11,11,980.0,3
ID00031_0,110,['ID00030'],ID00031,1,CyberShake,Terminated,0,100000000000,1,388,1,0,0,28,38,10,66.0,1000.0,5,20.0,"['ID00000_0', 'ID00000_1', 'ID00000_2', 'ID00000_3', 'ID00000_4', 'ID00000_5', 'ID00000_6', 'ID00000_7', 'ID00000_8', 'ID00000_9', 'ID00000_10', 'ID00000_11', 'ID00000_12', 'ID00000_13', 'ID00000_14', 'ID00000_15', 'ID00000_16', 'ID00000_17', 'ID00000_18', 'ID00000_19', 'ID00000_20', 'ID00000_21', 'ID00000_22', 'ID00000_23']",4,13,9,989.0,52
ID00031_1,111,['ID00030'],ID00031,1,CyberShake,Terminated,0,100000000000,1,348,1,0,0,20,38,18,58.0,1000.0,1,19.0,"['ID00000_0', 'ID00000_1', 'ID00000_2', 'ID00000_3', 'ID00000_4', 'ID00000_5', 'ID00000_6', 'ID00000_7', 'ID00000_8', 'ID00000_9', 'ID00000_10', 'ID00000_11', 'ID00000_12', 'ID00000_13', 'ID00000_14', 'ID00000_15', 'ID00000_16', 'ID00000_17', 'ID00000_18', 'ID00000_19', 'ID00000_20', 'ID00000_21', 'ID00000_22', 'ID00000_23']",4,12,8,989.0,44
ID00032_0,112,[],ID00032,1,CyberShake,Terminated,0,100000000000,1,390,1,0,0,18,23,5,71.0,1000.0,9,24.0,"['ID00001_0', 'ID00001_1', 'ID00001_2', 'ID00001_3', 'ID00001_4', 'ID00001_5', 'ID00001_6', 'ID00001_7', 'ID00001_8', 'ID00001_9', 'ID00001_10', 'ID00001_11', 'ID00001_12', 'ID00001_13', 'ID00001_14', 'ID00001_15', 'ID00001_16', 'ID00001_17', 'ID00001_18', 'ID00001_19', 'ID00001_20', 'ID00001_21', 'ID00001_22', 'ID00001_23', 'ID00033_0', 'ID00033_1']",0,9,9,985.0,37
ID00032_1,113,[],ID00032,1,CyberShake,Terminated,0,100000000000,1,216,1,0,0,19,30,11,65.0,1000.0,2,20.0,"['ID00001_0', 'ID00001_1', 'ID00001_2', 'ID00001_3', 'ID00001_4', 'ID00001_5', 'ID00001_6', 'ID00001_7', 'ID00001_8', 'ID00001_9', 'ID00001_10', 'ID00001_11', 'ID00001_12', 'ID00001_13', 'ID00001_14', 'ID00001_15', 'ID00001_16', 'ID00001_17', 'ID00001_18', 'ID00001_19', 'ID00001_20', 'ID00001_21', 'ID00001_22', 'ID00001_23', 'ID00033_0', 'ID00033_1']",0,5,5,985.0,42
ID00033_0,114,['ID00032'],ID00033,1,CyberShake,Terminated,0,100000000000,1,16,1,0,0,45,46,1,75.0,1000.0,2,12.0,"['ID00000_0', 'ID00000_1', 'ID00000_2', 'ID00000_3', 'ID00000_4', 'ID00000_5', 'ID00000_6', 'ID00000_7', 'ID00000_8', 'ID00000_9', 'ID00000_10', 'ID00000_11', 'ID00000_12', 'ID00000_13', 'ID00000_14', 'ID00000_15', 'ID00000_16', 'ID00000_17', 'ID00000_18', 'ID00000_19', 'ID00000_20', 'ID00000_21', 'ID00000_22', 'ID00000_23']",9,10,1,989.0,89
ID00033_1,115,['ID00032'],ID00033,1,CyberShake,Terminated,0,100000000000,1,148,1,0,0,42,44,2,74.0,1000.0,8,15.0,"['ID00000_0', 'ID00000_1', 'ID00000_2', 'ID00000_3', 'ID00000_4', 'ID00000_5', 'ID00000_6', 'ID00000_7', 'ID00000_8', 'ID00000_9', 'ID00000_10', 'ID00000_11', 'ID00000_12', 'ID00000_13', 'ID00000_14', 'ID00000_15', 'ID00000_16', 'ID00000_17', 'ID00000_18', 'ID00000_19', 'ID00000_20', 'ID00000_21', 'ID00000_22', 'ID00000_23']",9,13,4,989.0,78
ID00034_0,116,[],ID00034,1,CyberShake,Terminated,0,100000000000,1,510,1,0,0,0,7,7,69.0,1000.0,9,31.0,"['ID00001_0', 'ID00001_1', 'ID00001_2', 'ID00001_3', 'ID00001_4', 'ID00001_5', 'ID00001_6', 'ID00001_7', 'ID00001_8', 'ID00001_9', 'ID00001_10', 'ID00001_11', 'ID00001_12', 'ID00001_13', 'ID00001_14', 'ID00001_15', 'ID00001_16', 'ID00001_17', 'ID00001_18', 'ID00001_19', 'ID00001_20', 'ID00001_21', 'ID00001_22', 'ID00001_23', 'ID00035_0', 'ID00035_1']",0,11,11,980.0,4
ID00034_1,117,[],ID00034,1,CyberShake,Terminated,0,100000000000,1,474,1,0,0,0,12,12,64.0,1000.0,4,31.0,"['ID00001_0', 'ID00001_1', 'ID00001_2', 'ID00001_3', 'ID00001_4', 'ID00001_5', 'ID00001_6', 'ID00001_7', 'ID00001_8', 'ID00001_9', 'ID00001_10', 'ID00001_11', 'ID00001_12', 'ID00001_13', 'ID00001_14', 'ID00001_15', 'ID00001_16', 'ID00001_17', 'ID00001_18', 'ID00001_19', 'ID00001_20', 'ID00001_21', 'ID00001_22', 'ID00001_23', 'ID00035_0', 'ID00035_1']",0,11,11,980.0,5
ID00035_0,118,['ID00034'],ID00035,1,CyberShake,Terminated,0,100000000000,1,184,1,0,0,43,46,3,73.0,1000.0,9,15.0,"['ID00000_0', 'ID00000_1', 'ID00000_2', 'ID00000_3', 'ID00000_4', 'ID00000_5', 'ID00000_6', 'ID00000_7', 'ID00000_8', 'ID00000_9', 'ID00000_10', 'ID00000_11', 'ID00000_12', 'ID00000_13', 'ID00000_14', 'ID00000_15', 'ID00000_16', 'ID00000_17', 'ID00000_18', 'ID00000_19', 'ID00000_20', 'ID00000_21', 'ID00000_22', 'ID00000_23']",11,15,4,989.0,81
ID00035_1,119,['ID00034'],ID00035,1,CyberShake,Terminated,0,100000000000,1,403,1,0,0,27,33,6,70.0,1000.0,8,20.0,"['ID00000_0', 'ID00000_1', 'ID00000_2', 'ID00000_3', 'ID00000_4', 'ID00000_5', 'ID00000_6', 'ID00000_7', 'ID00000_8', 'ID00000_9', 'ID00000_10', 'ID00000_11', 'ID00000_12', 'ID00000_13', 'ID00000_14', 'ID00000_15', 'ID00000_16', 'ID00000_17', 'ID00000_18', 'ID00000_19', 'ID00000_20', 'ID00000_21', 'ID00000_22', 'ID00000_23']",11,20,9,989.0,51
ID00036_0,120,[],ID00036,1,CyberShake,Terminated,0,100000000000,1,350,1,0,0,18,23,5,71.0,1000.0,10,23.0,"['ID00001_0', 'ID00001_1', 'ID00001_2', 'ID00001_3', 'ID00001_4', 'ID00001_5', 'ID00001_6', 'ID00001_7', 'ID00001_8', 'ID00001_9', 'ID00001_10', 'ID00001_11', 'ID00001_12', 'ID00001_13', 'ID00001_14', 'ID00001_15', 'ID00001_16', 'ID00001_17', 'ID00001_18', 'ID00001_19', 'ID00001_20', 'ID00001_21', 'ID00001_22', 'ID00001_23', 'ID00037_0', 'ID00037_1']",0,8,8,985.0,38
ID00036_1,121,[],ID00036,1,CyberShake,Terminated,0,100000000000,1,428,1,0,0,10,21,11,65.0,1000.0,7,25.0,"['ID00001_0', 'ID00001_1', 'ID00001_2', 'ID00001_3', 'ID00001_4', 'ID00001_5', 'ID00001_6', 'ID00001_7', 'ID00001_8', 'ID00001_9', 'ID00001_10', 'ID00001_11', 'ID00001_12', 'ID00001_13', 'ID00001_14', 'ID00001_15', 'ID00001_16', 'ID00001_17', 'ID00001_18', 'ID00001_19', 'ID00001_20', 'ID00001_21', 'ID00001_22', 'ID00001_23', 'ID00037_0', 'ID00037_1']",0,10,10,985.0,18
ID00037_0,122,['ID00036'],ID00037,1,CyberShake,Terminated,0,100000000000,1,183,1,0,0,43,46,3,73.0,1000.0,11,15.0,"['ID00000_0', 'ID00000_1', 'ID00000_2', 'ID00000_3', 'ID00000_4', 'ID00000_5', 'ID00000_6', 'ID00000_7', 'ID00000_8', 'ID00000_9', 'ID00000_10', 'ID00000_11', 'ID00000_12', 'ID00000_13', 'ID00000_14', 'ID00000_15', 'ID00000_16', 'ID00000_17', 'ID00000_18', 'ID00000_19', 'ID00000_20', 'ID00000_21', 'ID00000_22', 'ID00000_23']",8,12,4,989.0,82
ID00037_1,123,['ID00036'],ID00037,1,CyberShake,Terminated,0,100000000000,1,147,1,0,0,38,46,8,68.0,1000.0,1,15.0,"['ID00000_0', 'ID00000_1', 'ID00000_2', 'ID00000_3', 'ID00000_4', 'ID00000_5', 'ID00000_6', 'ID00000_7', 'ID00000_8', 'ID00000_9', 'ID00000_10', 'ID00000_11', 'ID00000_12', 'ID00000_13', 'ID00000_14', 'ID00000_15', 'ID00000_16', 'ID00000_17', 'ID00000_18', 'ID00000_19', 'ID00000_20', 'ID00000_21', 'ID00000_22', 'ID00000_23']",8,12,4,989.0,73
ID00038_0,124,[],ID00038,1,CyberShake,Terminated,0,100000000000,1,390,1,0,0,13,18,5,71.0,1000.0,11,25.0,"['ID00001_0', 'ID00001_1', 'ID00001_2', 'ID00001_3', 'ID00001_4', 'ID00001_5', 'ID00001_6', 'ID00001_7', 'ID00001_8', 'ID00001_9', 'ID00001_10', 'ID00001_11', 'ID00001_12', 'ID00001_13', 'ID00001_14', 'ID00001_15', 'ID00001_16', 'ID00001_17', 'ID00001_18', 'ID00001_19', 'ID00001_20', 'ID00001_21', 'ID00001_22', 'ID00001_23', 'ID00039_0', 'ID00039_1']",0,9,9,984.0,25
ID00038_1,125,[],ID00038,1,CyberShake,Terminated,0,100000000000,1,22,1,0,0,35,37,2,74.0,1000.0,2,17.0,"['ID00001_0', 'ID00001_1', 'ID00001_2', 'ID00001_3', 'ID00001_4', 'ID00001_5', 'ID00001_6', 'ID00001_7', 'ID00001_8', 'ID00001_9', 'ID00001_10', 'ID00001_11', 'ID00001_12', 'ID00001_13', 'ID00001_14', 'ID00001_15', 'ID00001_16', 'ID00001_17', 'ID00001_18', 'ID00001_19', 'ID00001_20', 'ID00001_21', 'ID00001_22', 'ID00001_23', 'ID00039_0', 'ID00039_1']",0,1,1,984.0,67
ID00039_0,126,['ID00038'],ID00039,1,CyberShake,Terminated,0,100000000000,1,28,1,0,0,45,46,1,75.0,1000.0,7,12.0,"['ID00000_0', 'ID00000_1', 'ID00000_2', 'ID00000_3', 'ID00000_4', 'ID00000_5', 'ID00000_6', 'ID00000_7', 'ID00000_8', 'ID00000_9', 'ID00000_10', 'ID00000_11', 'ID00000_12', 'ID00000_13', 'ID00000_14', 'ID00000_15', 'ID00000_16', 'ID00000_17', 'ID00000_18', 'ID00000_19', 'ID00000_20', 'ID00000_21', 'ID00000_22', 'ID00000_23']",9,10,1,989.0,90
ID00039_1,127,['ID00038'],ID00039,1,CyberShake,Terminated,0,100000000000,1,213,1,0,0,40,43,3,73.0,1000.0,9,16.0,"['ID00000_0', 'ID00000_1', 'ID00000_2', 'ID00000_3', 'ID00000_4', 'ID00000_5', 'ID00000_6', 'ID00000_7', 'ID00000_8', 'ID00000_9', 'ID00000_10', 'ID00000_11', 'ID00000_12', 'ID00000_13', 'ID00000_14', 'ID00000_15', 'ID00000_16', 'ID00000_17', 'ID00000_18', 'ID00000_19', 'ID00000_20', 'ID00000_21', 'ID00000_22', 'ID00000_23']",9,14,5,989.0,77
ID00040_0,128,[],ID00040,1,CyberShake,Terminated,0,100000000000,1,319,1,0,0,11,15,4,72.0,1000.0,10,27.0,"['ID00001_0', 'ID00001_1', 'ID00001_2', 'ID00001_3', 'ID00001_4', 'ID00001_5', 'ID00001_6', 'ID00001_7', 'ID00001_8', 'ID00001_9', 'ID00001_10', 'ID00001_11', 'ID00001_12', 'ID00001_13', 'ID00001_14', 'ID00001_15', 'ID00001_16', 'ID00001_17', 'ID00001_18', 'ID00001_19', 'ID00001_20', 'ID00001_21', 'ID00001_22', 'ID00001_23', 'ID00041_0', 'ID00041_1']",0,7,7,980.0,20
ID00040_1,129,[],ID00040,1,CyberShake,Terminated,0,100000000000,1,266,1,0,0,0,14,14,62.0,1000.0,3,26.0,"['ID00001_0', 'ID00001_1', 'ID00001_2', 'ID00001_3', 'ID00001_4', 'ID00001_5', 'ID00001_6', 'ID00001_7', 'ID00001_8', 'ID00001_9', 'ID00001_10', 'ID00001_11', 'ID00001_12', 'ID00001_13', 'ID00001_14', 'ID00001_15', 'ID00001_16', 'ID00001_17', 'ID00001_18', 'ID00001_19', 'ID00001_20', 'ID00001_21', 'ID00001_22', 'ID00001_23', 'ID00041_0', 'ID00041_1']",0,6,6,980.0,12
ID00041_0,130,['ID00040'],ID00041,1,CyberShake,Terminated,0,100000000000,1,119,1,0,0,43,46,3,73.0,1000.0,4,14.0,"['ID00000_0', 'ID00000_1', 'ID00000_2', 'ID00000_3', 'ID00000_4', 'ID00000_5', 'ID00000_6', 'ID00000_7', 'ID00000_8', 'ID00000_9', 'ID00000_10', 'ID00000_11', 'ID00000_12', 'ID00000_13', 'ID00000_14', 'ID00000_15', 'ID00000_16', 'ID00000_17', 'ID00000_18', 'ID00000_19', 'ID00000_20', 'ID00000_21', 'ID00000_22', 'ID00000_23']",7,10,3,989.0,83
ID00041_1,131,['ID00040'],ID00041,1,CyberShake,Terminated,0,100000000000,1,398,1,0,0,34,39,5,71.0,1000.0,10,20.0,"['ID00000_0', 'ID00000_1', 'ID00000_2', 'ID00000_3', 'ID00000_4', 'ID00000_5', 'ID00000_6', 'ID00000_7', 'ID00000_8', 'ID00000_9', 'ID00000_10', 'ID00000_11', 'ID00000_12', 'ID00000_13', 'ID00000_14', 'ID00000_15', 'ID00000_16', 'ID00000_17', 'ID00000_18', 'ID00000_19', 'ID00000_20', 'ID00000_21', 'ID00000_22', 'ID00000_23']",7,16,9,989.0,63
ID00042_0,132,[],ID00042,1,CyberShake,Terminated,0,100000000000,1,194,1,0,0,0,10,10,66.0,1000.0,0,27.0,"['ID00001_0', 'ID00001_1', 'ID00001_2', 'ID00001_3', 'ID00001_4', 'ID00001_5', 'ID00001_6', 'ID00001_7', 'ID00001_8', 'ID00001_9', 'ID00001_10', 'ID00001_11', 'ID00001_12', 'ID00001_13', 'ID00001_14', 'ID00001_15', 'ID00001_16', 'ID00001_17', 'ID00001_18', 'ID00001_19', 'ID00001_20', 'ID00001_21', 'ID00001_22', 'ID00001_23', 'ID00043_0', 'ID00043_1']",0,5,5,978.0,10
ID00042_1,133,[],ID00042,1,CyberShake,Terminated,0,100000000000,1,158,1,0,0,10,14,4,72.0,1000.0,6,26.0,"['ID00001_0', 'ID00001_1', 'ID00001_2', 'ID00001_3', 'ID00001_4', 'ID00001_5', 'ID00001_6', 'ID00001_7', 'ID00001_8', 'ID00001_9', 'ID00001_10', 'ID00001_11', 'ID00001_12', 'ID00001_13', 'ID00001_14', 'ID00001_15', 'ID00001_16', 'ID00001_17', 'ID00001_18', 'ID00001_19', 'ID00001_20', 'ID00001_21', 'ID00001_22', 'ID00001_23', 'ID00043_0', 'ID00043_1']",0,4,4,978.0,17
ID00043_0,134,['ID00042'],ID00043,1,CyberShake,Terminated,0,100000000000,1,490,1,0,0,20,27,7,69.0,1000.0,8,22.0,"['ID00000_0', 'ID00000_1', 'ID00000_2', 'ID00000_3', 'ID00000_4', 'ID00000_5', 'ID00000_6', 'ID00000_7', 'ID00000_8', 'ID00000_9', 'ID00000_10', 'ID00000_11', 'ID00000_12', 'ID00000_13', 'ID00000_14', 'ID00000_15', 'ID00000_16', 'ID00000_17', 'ID00000_18', 'ID00000_19', 'ID00000_20', 'ID00000_21', 'ID00000_22', 'ID00000_23']",5,16,11,989.0,43
ID00043_1,135,['ID00042'],ID00043,1,CyberShake,Terminated,0,100000000000,1,308,1,0,0,35,43,8,68.0,1000.0,6,18.0,"['ID00000_0', 'ID00000_1', 'ID00000_2', 'ID00000_3', 'ID00000_4', 'ID00000_5', 'ID00000_6', 'ID00000_7', 'ID00000_8', 'ID00000_9', 'ID00000_10', 'ID00000_11', 'ID00000_12', 'ID00000_13', 'ID00000_14', 'ID00000_15', 'ID00000_16', 'ID00000_17', 'ID00000_18', 'ID00000_19', 'ID00000_20', 'ID00000_21', 'ID00000_22', 'ID00000_23']",5,12,7,989.0,66
ID00044_0,136,[],ID00044,1,CyberShake,Terminated,0,100000000000,1,61,1,0,0,26,30,4,72.0,1000.0,3,19.0,"['ID00001_0', 'ID00001_1', 'ID00001_2', 'ID00001_3', 'ID00001_4', 'ID00001_5', 'ID00001_6', 'ID00001_7', 'ID00001_8', 'ID00001_9', 'ID00001_10', 'ID00001_11', 'ID00001_12', 'ID00001_13', 'ID00001_14', 'ID00001_15', 'ID00001_16', 'ID00001_17', 'ID00001_18', 'ID00001_19', 'ID00001_20', 'ID00001_21', 'ID00001_22', 'ID00001_23', 'ID00045_0', 'ID00045_1']",0,2,2,983.0,50
ID00044_1,137,[],ID00044,1,CyberShake,Terminated,0,100000000000,1,241,1,0,0,18,22,4,72.0,1000.0,11,23.0,"['ID00001_0', 'ID00001_1', 'ID00001_2', 'ID00001_3', 'ID00001_4', 'ID00001_5', 'ID00001_6', 'ID00001_7', 'ID00001_8', 'ID00001_9', 'ID00001_10', 'ID00001_11', 'ID00001_12', 'ID00001_13', 'ID00001_14', 'ID00001_15', 'ID00001_16', 'ID00001_17', 'ID00001_18', 'ID00001_19', 'ID00001_20', 'ID00001_21', 'ID00001_22', 'ID00001_23', 'ID00045_0', 'ID00045_1']",0,6,6,983.0,39
ID00045_0,138,['ID00044'],ID00045,1,CyberShake,Terminated,0,100000000000,1,244,1,0,0,39,43,4,72.0,1000.0,11,17.0,"['ID00000_0', 'ID00000_1', 'ID00000_2', 'ID00000_3', 'ID00000_4', 'ID00000_5', 'ID00000_6', 'ID00000_7', 'ID00000_8', 'ID00000_9', 'ID00000_10', 'ID00000_11', 'ID00000_12', 'ID00000_13', 'ID00000_14', 'ID00000_15', 'ID00000_16', 'ID00000_17', 'ID00000_18', 'ID00000_19', 'ID00000_20', 'ID00000_21', 'ID00000_22', 'ID00000_23']",2,8,6,989.0,74
ID00045_1,139,['ID00044'],ID00045,1,CyberShake,Terminated,0,100000000000,1,84,1,0,0,43,46,3,73.0,1000.0,6,13.0,"['ID00000_0', 'ID00000_1', 'ID00000_2', 'ID00000_3', 'ID00000_4', 'ID00000_5', 'ID00000_6', 'ID00000_7', 'ID00000_8', 'ID00000_9', 'ID00000_10', 'ID00000_11', 'ID00000_12', 'ID00000_13', 'ID00000_14', 'ID00000_15', 'ID00000_16', 'ID00000_17', 'ID00000_18', 'ID00000_19', 'ID00000_20', 'ID00000_21', 'ID00000_22', 'ID00000_23']",2,4,2,989.0,85
ID00046_0,140,[],ID00046,1,CyberShake,Terminated,0,100000000000,1,11,1,0,0,14,15,1,75.0,1000.0,3,22.0,"['ID00001_0', 'ID00001_1', 'ID00001_2', 'ID00001_3', 'ID00001_4', 'ID00001_5', 'ID00001_6', 'ID00001_7', 'ID00001_8', 'ID00001_9', 'ID00001_10', 'ID00001_11', 'ID00001_12', 'ID00001_13', 'ID00001_14', 'ID00001_15', 'ID00001_16', 'ID00001_17', 'ID00001_18', 'ID00001_19', 'ID00001_20', 'ID00001_21', 'ID00001_22', 'ID00001_23', 'ID00047_0', 'ID00047_1']",0,1,1,979.0,29
ID00046_1,141,[],ID00046,1,CyberShake,Terminated,0,100000000000,1,233,1,0,0,12,15,3,73.0,1000.0,9,26.0,"['ID00001_0', 'ID00001_1', 'ID00001_2', 'ID00001_3', 'ID00001_4', 'ID00001_5', 'ID00001_6', 'ID00001_7', 'ID00001_8', 'ID00001_9', 'ID00001_10', 'ID00001_11', 'ID00001_12', 'ID00001_13', 'ID00001_14', 'ID00001_15', 'ID00001_16', 'ID00001_17', 'ID00001_18', 'ID00001_19', 'ID00001_20', 'ID00001_21', 'ID00001_22', 'ID00001_23', 'ID00047_0', 'ID00047_1']",0,5,5,979.0,22
ID00047_0,142,['ID00046'],ID00047,1,CyberShake,Terminated,0,100000000000,1,250,1,0,0,39,43,4,72.0,1000.0,10,17.0,"['ID00000_0', 'ID00000_1', 'ID00000_2', 'ID00000_3', 'ID00000_4', 'ID00000_5', 'ID00000_6', 'ID00000_7', 'ID00000_8', 'ID00000_9', 'ID00000_10', 'ID00000_11', 'ID00000_12', 'ID00000_13', 'ID00000_14', 'ID00000_15', 'ID00000_16', 'ID00000_17', 'ID00000_18', 'ID00000_19', 'ID00000_20', 'ID00000_21', 'ID00000_22', 'ID00000_23']",1,7,6,989.0,75
ID00047_1,143,['ID00046'],ID00047,1,CyberShake,Terminated,0,100000000000,1,433,1,0,0,17,28,11,65.0,1000.0,5,21.0,"['ID00000_0', 'ID00000_1', 'ID00000_2', 'ID00000_3', 'ID00000_4', 'ID00000_5', 'ID00000_6', 'ID00000_7', 'ID00000_8', 'ID00000_9', 'ID00000_10', 'ID00000_11', 'ID00000_12', 'ID00000_13', 'ID00000_14', 'ID00000_15', 'ID00000_16', 'ID00000_17', 'ID00000_18', 'ID00000_19', 'ID00000_20', 'ID00000_21', 'ID00000_22', 'ID00000_23']",1,11,10,989.0,36
ID00048_0,144,[],ID00048,1,CyberShake,Terminated,0,100000000000,1,206,1,0,0,12,15,3,73.0,1000.0,8,26.0,"['ID00001_0', 'ID00001_1', 'ID00001_2', 'ID00001_3', 'ID00001_4', 'ID00001_5', 'ID00001_6', 'ID00001_7', 'ID00001_8', 'ID00001_9', 'ID00001_10', 'ID00001_11', 'ID00001_12', 'ID00001_13', 'ID00001_14', 'ID00001_15', 'ID00001_16', 'ID00001_17', 'ID00001_18', 'ID00001_19', 'ID00001_20', 'ID00001_21', 'ID00001_22', 'ID00001_23', 'ID00049_0', 'ID00049_1']",0,5,5,979.0,23
ID00048_1,145,[],ID00048,1,CyberShake,Terminated,0,100000000000,1,504,1,0,0,0,7,7,69.0,1000.0,8,32.0,"['ID00001_0', 'ID00001_1', 'ID00001_2', 'ID00001_3', 'ID00001_4', 'ID00001_5', 'ID00001_6', 'ID00001_7', 'ID00001_8', 'ID00001_9', 'ID00001_10', 'ID00001_11', 'ID00001_12', 'ID00001_13', 'ID00001_14', 'ID00001_15', 'ID00001_16', 'ID00001_17', 'ID00001_18', 'ID00001_19', 'ID00001_20', 'ID00001_21', 'ID00001_22', 'ID00001_23', 'ID00049_0', 'ID00049_1']",0,11,11,979.0,1
ID00049_0,146,['ID00048'],ID00049,1,CyberShake,Terminated,0,100000000000,1,143,1,0,0,37,45,8,68.0,1000.0,2,15.0,"['ID00000_0', 'ID00000_1', 'ID00000_2', 'ID00000_3', 'ID00000_4', 'ID00000_5', 'ID00000_6', 'ID00000_7', 'ID00000_8', 'ID00000_9', 'ID00000_10', 'ID00000_11', 'ID00000_12', 'ID00000_13', 'ID00000_14', 'ID00000_15', 'ID00000_16', 'ID00000_17', 'ID00000_18', 'ID00000_19', 'ID00000_20', 'ID00000_21', 'ID00000_22', 'ID00000_23']",5,9,4,989.0,70
ID00049_1,147,['ID00048'],ID00049,1,CyberShake,Terminated,0,100000000000,1,444,1,0,0,19,31,12,64.0,1000.0,6,21.0,"['ID00000_0', 'ID00000_1', 'ID00000_2', 'ID00000_3', 'ID00000_4', 'ID00000_5', 'ID00000_6', 'ID00000_7', 'ID00000_8', 'ID00000_9', 'ID00000_10', 'ID00000_11', 'ID00000_12', 'ID00000_13', 'ID00000_14', 'ID00000_15', 'ID00000_16', 'ID00000_17', 'ID00000_18', 'ID00000_19', 'ID00000_20', 'ID00000_21', 'ID00000_22', 'ID00000_23']",5,15,10,989.0,41
