task_id,Unnamed: 0,parents,job_id,instances_num,task_type,status,start_time,end_time,cpu,memory,duration,submit_time,disk,EST,EFT,MET,LFT,AST,VmId,ru,children,initial_EST,initial_EFT,initial_MET,initial_LFT,rankScore
ID00000_0,0,"['ID00006', 'ID00017', 'ID00027', 'ID00004', 'ID00015', 'ID00025', 'ID00008', 'ID00019', 'ID00029', 'ID00012', 'ID00023', 'ID00010', 'ID00021']",ID00000,1,CyberShake,Terminated,0,100000000000,1,398,1,0,0,37,42,5,50.0,1000.0,10,9.0,[],21,30,9,1000.0,66
ID00000_1,1,"['ID00006', 'ID00017', 'ID00027', 'ID00004', 'ID00015', 'ID00025', 'ID00008', 'ID00019', 'ID00029', 'ID00012', 'ID00023', 'ID00010', 'ID00021']",ID00000,1,CyberShake,Terminated,0,100000000000,1,393,1,0,0,38,43,5,50.0,1000.0,8,9.0,[],21,30,9,1000.0,67
ID00000_2,2,"['ID00006', 'ID00017', 'ID00027', 'ID00004', 'ID00015', 'ID00025', 'ID00008', 'ID00019', 'ID00029', 'ID00012', 'ID00023', 'ID00010', 'ID00021']",ID00000,1,CyberShake,Terminated,0,100000000000,1,331,1,0,0,32,49,17,50.0,1000.0,0,8.0,[],21,29,8,1000.0,63
ID00000_3,3,"['ID00006', 'ID00017', 'ID00027', 'ID00004', 'ID00015', 'ID00025', 'ID00008', 'ID00019', 'ID00029', 'ID00012', 'ID00023', 'ID00010', 'ID00021']",ID00000,1,CyberShake,Terminated,0,100000000000,1,18,1,0,0,48,49,1,50.0,1000.0,3,1.0,[],21,22,1,1000.0,85
ID00000_4,4,"['ID00006', 'ID00017', 'ID00027', 'ID00004', 'ID00015', 'ID00025', 'ID00008', 'ID00019', 'ID00029', 'ID00012', 'ID00023', 'ID00010', 'ID00021']",ID00000,1,CyberShake,Terminated,0,100000000000,1,201,1,0,0,42,48,6,50.0,1000.0,6,5.0,[],21,26,5,1000.0,70
ID00000_5,5,"['ID00006', 'ID00017', 'ID00027', 'ID00004', 'ID00015', 'ID00025', 'ID00008', 'ID00019', 'ID00029', 'ID00012', 'ID00023', 'ID00010', 'ID00021']",ID00000,1,CyberShake,Terminated,0,100000000000,1,145,1,0,0,48,50,2,50.0,1000.0,8,4.0,[],21,25,4,1000.0,82
ID00000_6,6,"['ID00006', 'ID00017', 'ID00027', 'ID00004', 'ID00015', 'ID00025', 'ID00008', 'ID00019', 'ID00029', 'ID00012', 'ID00023', 'ID00010', 'ID00021']",ID00000,1,CyberShake,Terminated,0,100000000000,1,510,1,0,0,32,39,7,50.0,1000.0,9,11.0,[],21,32,11,1000.0,61
ID00000_7,7,"['ID00006', 'ID00017', 'ID00027', 'ID00004', 'ID00015', 'ID00025', 'ID00008', 'ID00019', 'ID00029', 'ID00012', 'ID00023', 'ID00010', 'ID00021']",ID00000,1,CyberShake,Terminated,0,100000000000,1,91,1,0,0,47,50,3,50.0,1000.0,7,2.0,[],21,23,2,1000.0,79
ID00000_8,8,"['ID00006', 'ID00017', 'ID00027', 'ID00004', 'ID00015', 'ID00025', 'ID00008', 'ID00019', 'ID00029', 'ID00012', 'ID00023', 'ID00010', 'ID00021']",ID00000,1,CyberShake,Terminated,0,100000000000,1,473,1,0,0,32,38,6,50.0,1000.0,8,11.0,[],21,32,11,1000.0,62
ID00000_9,9,"['ID00006', 'ID00017', 'ID00027', 'ID00004', 'ID00015', 'ID00025', 'ID00008', 'ID00019', 'ID00029', 'ID00012', 'ID00023', 'ID00010', 'ID00021']",ID00000,1,CyberShake,Terminated,0,100000000000,1,158,1,0,0,48,50,2,50.0,1000.0,9,4.0,[],21,25,4,1000.0,83
ID00000_10,10,"['ID00006', 'ID00017', 'ID00027', 'ID00004', 'ID00015', 'ID00025', 'ID00008', 'ID00019', 'ID00029', 'ID00012', 'ID00023', 'ID00010', 'ID00021']",ID00000,1,CyberShake,Terminated,0,100000000000,1,399,1,0,0,43,48,5,50.0,1000.0,11,9.0,[],21,30,9,1000.0,74
ID00000_11,11,"['ID00006', 'ID00017', 'ID00027', 'ID00004', 'ID00015', 'ID00025', 'ID00008', 'ID00019', 'ID00029', 'ID00012', 'ID00023', 'ID00010', 'ID00021']",ID00000,1,CyberShake,Terminated,0,100000000000,1,90,1,0,0,48,50,2,50.0,1000.0,11,2.0,[],21,23,2,1000.0,84
ID00000_12,12,"['ID00006', 'ID00017', 'ID00027', 'ID00004', 'ID00015', 'ID00025', 'ID00008', 'ID00019', 'ID00029', 'ID00012', 'ID00023', 'ID00010', 'ID00021']",ID00000,1,CyberShake,Terminated,0,100000000000,1,104,1,0,0,44,50,6,50.0,1000.0,2,3.0,[],21,24,3,1000.0,77
ID00000_13,13,"['ID00006', 'ID00017', 'ID00027', 'ID00004', 'ID00015', 'ID00025', 'ID00008', 'ID00019', 'ID00029', 'ID00012', 'ID00023', 'ID00010', 'ID00021']",ID00000,1,CyberShake,Terminated,0,100000000000,1,3,1,0,0,47,48,1,50.0,1000.0,3,1.0,[],21,22,1,1000.0,81
ID00001_0,14,"['ID00028', 'ID00005', 'ID00016', 'ID00026', 'ID00003', 'ID00014', 'ID00009', 'ID00007', 'ID00018', 'ID00020', 'ID00024', 'ID00011', 'ID00022']",ID00001,1,CyberShake,Terminated,0,100000000000,1,506,1,0,0,30,37,7,50.0,1000.0,10,11.0,[],11,22,11,1000.0,55
ID00001_1,15,"['ID00028', 'ID00005', 'ID00016', 'ID00026', 'ID00003', 'ID00014', 'ID00009', 'ID00007', 'ID00018', 'ID00020', 'ID00024', 'ID00011', 'ID00022']",ID00001,1,CyberShake,Terminated,0,100000000000,1,235,1,0,0,32,44,12,50.0,1000.0,2,6.0,[],11,17,6,1000.0,64
ID00001_2,16,"['ID00028', 'ID00005', 'ID00016', 'ID00026', 'ID00003', 'ID00014', 'ID00009', 'ID00007', 'ID00018', 'ID00020', 'ID00024', 'ID00011', 'ID00022']",ID00001,1,CyberShake,Terminated,0,100000000000,1,475,1,0,0,30,42,12,50.0,1000.0,7,11.0,[],11,22,11,1000.0,56
ID00001_3,17,"['ID00028', 'ID00005', 'ID00016', 'ID00026', 'ID00003', 'ID00014', 'ID00009', 'ID00007', 'ID00018', 'ID00020', 'ID00024', 'ID00011', 'ID00022']",ID00001,1,CyberShake,Terminated,0,100000000000,1,202,1,0,0,42,48,6,50.0,1000.0,4,5.0,[],11,16,5,1000.0,71
ID00001_4,18,"['ID00028', 'ID00005', 'ID00016', 'ID00026', 'ID00003', 'ID00014', 'ID00009', 'ID00007', 'ID00018', 'ID00020', 'ID00024', 'ID00011', 'ID00022']",ID00001,1,CyberShake,Terminated,0,100000000000,1,477,1,0,0,30,42,12,50.0,1000.0,6,11.0,[],11,22,11,1000.0,57
ID00001_5,19,"['ID00028', 'ID00005', 'ID00016', 'ID00026', 'ID00003', 'ID00014', 'ID00009', 'ID00007', 'ID00018', 'ID00020', 'ID00024', 'ID00011', 'ID00022']",ID00001,1,CyberShake,Terminated,0,100000000000,1,195,1,0,0,42,47,5,50.0,1000.0,5,5.0,[],11,16,5,1000.0,72
ID00001_6,20,"['ID00028', 'ID00005', 'ID00016', 'ID00026', 'ID00003', 'ID00014', 'ID00009', 'ID00007', 'ID00018', 'ID00020', 'ID00024', 'ID00011', 'ID00022']",ID00001,1,CyberShake,Terminated,0,100000000000,1,348,1,0,0,29,47,18,50.0,1000.0,3,8.0,[],11,19,8,1000.0,53
ID00001_7,21,"['ID00028', 'ID00005', 'ID00016', 'ID00026', 'ID00003', 'ID00014', 'ID00009', 'ID00007', 'ID00018', 'ID00020', 'ID00024', 'ID00011', 'ID00022']",ID00001,1,CyberShake,Terminated,0,100000000000,1,417,1,0,0,29,50,21,50.0,1000.0,1,9.0,[],11,20,9,1000.0,52
ID00001_8,22,"['ID00028', 'ID00005', 'ID00016', 'ID00026', 'ID00003', 'ID00014', 'ID00009', 'ID00007', 'ID00018', 'ID00020', 'ID00024', 'ID00011', 'ID00022']",ID00001,1,CyberShake,Terminated,0,100000000000,1,196,1,0,0,42,47,5,50.0,1000.0,7,5.0,[],11,16,5,1000.0,73
ID00001_9,23,"['ID00028', 'ID00005', 'ID00016', 'ID00026', 'ID00003', 'ID00014', 'ID00009', 'ID00007', 'ID00018', 'ID00020', 'ID00024', 'ID00011', 'ID00022']",ID00001,1,CyberShake,Terminated,0,100000000000,1,159,1,0,0,47,49,2,50.0,1000.0,10,4.0,[],11,15,4,1000.0,78
ID00001_10,24,"['ID00028', 'ID00005', 'ID00016', 'ID00026', 'ID00003', 'ID00014', 'ID00009', 'ID00007', 'ID00018', 'ID00020', 'ID00024', 'ID00011', 'ID00022']",ID00001,1,CyberShake,Terminated,0,100000000000,1,421,1,0,0,31,42,11,50.0,1000.0,4,10.0,[],11,21,10,1000.0,60
ID00001_11,25,"['ID00028', 'ID00005', 'ID00016', 'ID00026', 'ID00003', 'ID00014', 'ID00009', 'ID00007', 'ID00018', 'ID00020', 'ID00024', 'ID00011', 'ID00022']",ID00001,1,CyberShake,Terminated,0,100000000000,1,469,1,0,0,30,42,12,50.0,1000.0,5,11.0,[],11,22,11,1000.0,58
ID00001_12,26,"['ID00028', 'ID00005', 'ID00016', 'ID00026', 'ID00003', 'ID00014', 'ID00009', 'ID00007', 'ID00018', 'ID00020', 'ID00024', 'ID00011', 'ID00022']",ID00001,1,CyberShake,Terminated,0,100000000000,1,468,1,0,0,30,36,6,50.0,1000.0,11,11.0,[],11,22,11,1000.0,59
ID00001_13,27,"['ID00028', 'ID00005', 'ID00016', 'ID00026', 'ID00003', 'ID00014', 'ID00009', 'ID00007', 'ID00018', 'ID00020', 'ID00024', 'ID00011', 'ID00022']",ID00001,1,CyberShake,Terminated,0,100000000000,1,22,1,0,0,48,49,1,50.0,1000.0,6,1.0,[],11,12,1,1000.0,86
ID00002_0,28,[],ID00002,1,CyberShake,Terminated,0,100000000000,1,485,1,0,0,36,43,7,50.0,1000.0,11,11.0,[],0,11,11,1000.0,65
ID00002_1,29,[],ID00002,1,CyberShake,Terminated,0,100000000000,1,390,1,0,0,42,47,5,50.0,1000.0,10,9.0,[],0,9,9,1000.0,69
ID00002_2,30,[],ID00002,1,CyberShake,Terminated,0,100000000000,1,43,1,0,0,48,50,2,50.0,1000.0,4,1.0,[],0,1,1,1000.0,87
ID00003_0,31,[],ID00003,1,CyberShake,Terminated,0,100000000000,1,32,1,0,0,12,14,2,48.0,1000.0,2,21.0,"['ID00001_0', 'ID00001_1', 'ID00001_2', 'ID00001_3', 'ID00001_4', 'ID00001_5', 'ID00001_6', 'ID00001_7', 'ID00001_8', 'ID00001_9', 'ID00001_10', 'ID00001_11', 'ID00001_12', 'ID00001_13', 'ID00004_0', 'ID00004_1']",0,1,1,980.0,23
ID00003_1,32,[],ID00003,1,CyberShake,Terminated,0,100000000000,1,506,1,0,0,0,13,13,37.0,1000.0,5,31.0,"['ID00001_0', 'ID00001_1', 'ID00001_2', 'ID00001_3', 'ID00001_4', 'ID00001_5', 'ID00001_6', 'ID00001_7', 'ID00001_8', 'ID00001_9', 'ID00001_10', 'ID00001_11', 'ID00001_12', 'ID00001_13', 'ID00004_0', 'ID00004_1']",0,11,11,980.0,6
ID00004_0,33,['ID00003'],ID00004,1,CyberShake,Terminated,0,100000000000,1,392,1,0,0,18,28,10,40.0,1000.0,4,20.0,"['ID00000_0', 'ID00000_1', 'ID00000_2', 'ID00000_3', 'ID00000_4', 'ID00000_5', 'ID00000_6', 'ID00000_7', 'ID00000_8', 'ID00000_9', 'ID00000_10', 'ID00000_11', 'ID00000_12', 'ID00000_13']",1,10,9,989.0,36
ID00004_1,34,['ID00003'],ID00004,1,CyberShake,Terminated,0,100000000000,1,398,1,0,0,16,26,10,40.0,1000.0,6,20.0,"['ID00000_0', 'ID00000_1', 'ID00000_2', 'ID00000_3', 'ID00000_4', 'ID00000_5', 'ID00000_6', 'ID00000_7', 'ID00000_8', 'ID00000_9', 'ID00000_10', 'ID00000_11', 'ID00000_12', 'ID00000_13']",1,10,9,989.0,34
ID00005_0,35,[],ID00005,1,CyberShake,Terminated,0,100000000000,1,270,1,0,0,0,14,14,36.0,1000.0,3,26.0,"['ID00001_0', 'ID00001_1', 'ID00001_2', 'ID00001_3', 'ID00001_4', 'ID00001_5', 'ID00001_6', 'ID00001_7', 'ID00001_8', 'ID00001_9', 'ID00001_10', 'ID00001_11', 'ID00001_12', 'ID00001_13', 'ID00006_0', 'ID00006_1']",0,6,6,980.0,11
ID00005_1,36,[],ID00005,1,CyberShake,Terminated,0,100000000000,1,235,1,0,0,0,12,12,38.0,1000.0,2,26.0,"['ID00001_0', 'ID00001_1', 'ID00001_2', 'ID00001_3', 'ID00001_4', 'ID00001_5', 'ID00001_6', 'ID00001_7', 'ID00001_8', 'ID00001_9', 'ID00001_10', 'ID00001_11', 'ID00001_12', 'ID00001_13', 'ID00006_0', 'ID00006_1']",0,6,6,980.0,12
ID00006_0,37,['ID00005'],ID00006,1,CyberShake,Terminated,0,100000000000,1,123,1,0,0,29,31,2,48.0,1000.0,8,14.0,"['ID00000_0', 'ID00000_1', 'ID00000_2', 'ID00000_3', 'ID00000_4', 'ID00000_5', 'ID00000_6', 'ID00000_7', 'ID00000_8', 'ID00000_9', 'ID00000_10', 'ID00000_11', 'ID00000_12', 'ID00000_13']",6,9,3,989.0,51
ID00006_1,38,['ID00005'],ID00006,1,CyberShake,Terminated,0,100000000000,1,393,1,0,0,21,26,5,45.0,1000.0,11,20.0,"['ID00000_0', 'ID00000_1', 'ID00000_2', 'ID00000_3', 'ID00000_4', 'ID00000_5', 'ID00000_6', 'ID00000_7', 'ID00000_8', 'ID00000_9', 'ID00000_10', 'ID00000_11', 'ID00000_12', 'ID00000_13']",6,15,9,989.0,37
ID00007_0,39,[],ID00007,1,CyberShake,Terminated,0,100000000000,1,374,1,0,0,0,10,10,40.0,1000.0,6,30.0,"['ID00001_0', 'ID00001_1', 'ID00001_2', 'ID00001_3', 'ID00001_4', 'ID00001_5', 'ID00001_6', 'ID00001_7', 'ID00001_8', 'ID00001_9', 'ID00001_10', 'ID00001_11', 'ID00001_12', 'ID00001_13', 'ID00008_0', 'ID00008_1']",0,9,9,979.0,7
ID00007_1,40,[],ID00007,1,CyberShake,Terminated,0,100000000000,1,475,1,0,0,0,6,6,44.0,1000.0,8,32.0,"['ID00001_0', 'ID00001_1', 'ID00001_2', 'ID00001_3', 'ID00001_4', 'ID00001_5', 'ID00001_6', 'ID00001_7', 'ID00001_8', 'ID00001_9', 'ID00001_10', 'ID00001_11', 'ID00001_12', 'ID00001_13', 'ID00008_0', 'ID00008_1']",0,11,11,979.0,1
ID00008_0,41,['ID00007'],ID00008,1,CyberShake,Terminated,0,100000000000,1,453,1,0,0,18,24,6,44.0,1000.0,8,21.0,"['ID00000_0', 'ID00000_1', 'ID00000_2', 'ID00000_3', 'ID00000_4', 'ID00000_5', 'ID00000_6', 'ID00000_7', 'ID00000_8', 'ID00000_9', 'ID00000_10', 'ID00000_11', 'ID00000_12', 'ID00000_13']",9,19,10,989.0,35
ID00008_1,42,['ID00007'],ID00008,1,CyberShake,Terminated,0,100000000000,1,331,1,0,0,14,31,17,33.0,1000.0,0,19.0,"['ID00000_0', 'ID00000_1', 'ID00000_2', 'ID00000_3', 'ID00000_4', 'ID00000_5', 'ID00000_6', 'ID00000_7', 'ID00000_8', 'ID00000_9', 'ID00000_10', 'ID00000_11', 'ID00000_12', 'ID00000_13']",9,17,8,989.0,28
ID00009_0,43,[],ID00009,1,CyberShake,Terminated,0,100000000000,1,481,1,0,0,0,13,13,37.0,1000.0,4,32.0,"['ID00001_0', 'ID00001_1', 'ID00001_2', 'ID00001_3', 'ID00001_4', 'ID00001_5', 'ID00001_6', 'ID00001_7', 'ID00001_8', 'ID00001_9', 'ID00001_10', 'ID00001_11', 'ID00001_12', 'ID00001_13', 'ID00010_0', 'ID00010_1']",0,11,11,979.0,2
ID00009_1,44,[],ID00009,1,CyberShake,Terminated,0,100000000000,1,202,1,0,0,9,15,6,44.0,1000.0,7,26.0,"['ID00001_0', 'ID00001_1', 'ID00001_2', 'ID00001_3', 'ID00001_4', 'ID00001_5', 'ID00001_6', 'ID00001_7', 'ID00001_8', 'ID00001_9', 'ID00001_10', 'ID00001_11', 'ID00001_12', 'ID00001_13', 'ID00010_0', 'ID00010_1']",0,5,5,979.0,17
ID00010_0,45,['ID00009'],ID00010,1,CyberShake,Terminated,0,100000000000,1,463,1,0,0,15,27,12,38.0,1000.0,7,21.0,"['ID00000_0', 'ID00000_1', 'ID00000_2', 'ID00000_3', 'ID00000_4', 'ID00000_5', 'ID00000_6', 'ID00000_7', 'ID00000_8', 'ID00000_9', 'ID00000_10', 'ID00000_11', 'ID00000_12', 'ID00000_13']",11,21,10,989.0,31
ID00010_1,46,['ID00009'],ID00010,1,CyberShake,Terminated,0,100000000000,1,18,1,0,0,28,29,1,49.0,1000.0,1,12.0,"['ID00000_0', 'ID00000_1', 'ID00000_2', 'ID00000_3', 'ID00000_4', 'ID00000_5', 'ID00000_6', 'ID00000_7', 'ID00000_8', 'ID00000_9', 'ID00000_10', 'ID00000_11', 'ID00000_12', 'ID00000_13']",11,12,1,989.0,50
ID00011_0,47,[],ID00011,1,CyberShake,Terminated,0,100000000000,1,43,1,0,0,10,13,3,47.0,1000.0,1,22.0,"['ID00001_0', 'ID00001_1', 'ID00001_2', 'ID00001_3', 'ID00001_4', 'ID00001_5', 'ID00001_6', 'ID00001_7', 'ID00001_8', 'ID00001_9', 'ID00001_10', 'ID00001_11', 'ID00001_12', 'ID00001_13', 'ID00012_0', 'ID00012_1']",0,1,1,979.0,19
ID00011_1,48,[],ID00011,1,CyberShake,Terminated,0,100000000000,1,477,1,0,0,0,6,6,44.0,1000.0,9,32.0,"['ID00001_0', 'ID00001_1', 'ID00001_2', 'ID00001_3', 'ID00001_4', 'ID00001_5', 'ID00001_6', 'ID00001_7', 'ID00001_8', 'ID00001_9', 'ID00001_10', 'ID00001_11', 'ID00001_12', 'ID00001_13', 'ID00012_0', 'ID00012_1']",0,11,11,979.0,3
ID00012_0,49,['ID00011'],ID00012,1,CyberShake,Terminated,0,100000000000,1,447,1,0,0,13,25,12,38.0,1000.0,5,21.0,"['ID00000_0', 'ID00000_1', 'ID00000_2', 'ID00000_3', 'ID00000_4', 'ID00000_5', 'ID00000_6', 'ID00000_7', 'ID00000_8', 'ID00000_9', 'ID00000_10', 'ID00000_11', 'ID00000_12', 'ID00000_13']",1,11,10,989.0,25
ID00012_1,50,['ID00011'],ID00012,1,CyberShake,Terminated,0,100000000000,1,201,1,0,0,27,30,3,47.0,1000.0,10,16.0,"['ID00000_0', 'ID00000_1', 'ID00000_2', 'ID00000_3', 'ID00000_4', 'ID00000_5', 'ID00000_6', 'ID00000_7', 'ID00000_8', 'ID00000_9', 'ID00000_10', 'ID00000_11', 'ID00000_12', 'ID00000_13']",1,6,5,989.0,45
ID00013_0,51,[],ID00013,1,CyberShake,Terminated,0,100000000000,1,245,1,0,0,44,48,4,50.0,1000.0,9,6.0,[],0,6,6,1000.0,76
ID00013_1,52,[],ID00013,1,CyberShake,Terminated,0,100000000000,1,390,1,0,0,43,48,5,50.0,1000.0,8,9.0,[],0,9,9,1000.0,75
ID00013_2,53,[],ID00013,1,CyberShake,Terminated,0,100000000000,1,66,1,0,0,47,49,2,50.0,1000.0,5,2.0,[],0,2,2,1000.0,80
ID00013_3,54,[],ID00013,1,CyberShake,Terminated,0,100000000000,1,374,1,0,0,39,44,5,50.0,1000.0,9,9.0,[],0,9,9,1000.0,68
ID00014_0,55,[],ID00014,1,CyberShake,Terminated,0,100000000000,1,314,1,0,0,12,16,4,46.0,1000.0,10,24.0,"['ID00001_0', 'ID00001_1', 'ID00001_2', 'ID00001_3', 'ID00001_4', 'ID00001_5', 'ID00001_6', 'ID00001_7', 'ID00001_8', 'ID00001_9', 'ID00001_10', 'ID00001_11', 'ID00001_12', 'ID00001_13', 'ID00015_0', 'ID00015_1']",0,7,7,983.0,21
ID00014_1,56,[],ID00014,1,CyberShake,Terminated,0,100000000000,1,195,1,0,0,13,18,5,45.0,1000.0,4,22.0,"['ID00001_0', 'ID00001_1', 'ID00001_2', 'ID00001_3', 'ID00001_4', 'ID00001_5', 'ID00001_6', 'ID00001_7', 'ID00001_8', 'ID00001_9', 'ID00001_10', 'ID00001_11', 'ID00001_12', 'ID00001_13', 'ID00015_0', 'ID00015_1']",0,5,5,983.0,24
ID00015_0,57,['ID00014'],ID00015,1,CyberShake,Terminated,0,100000000000,1,255,1,0,0,26,30,4,46.0,1000.0,11,17.0,"['ID00000_0', 'ID00000_1', 'ID00000_2', 'ID00000_3', 'ID00000_4', 'ID00000_5', 'ID00000_6', 'ID00000_7', 'ID00000_8', 'ID00000_9', 'ID00000_10', 'ID00000_11', 'ID00000_12', 'ID00000_13']",7,13,6,989.0,43
ID00015_1,58,['ID00014'],ID00015,1,CyberShake,Terminated,0,100000000000,1,145,1,0,0,28,30,2,48.0,1000.0,9,15.0,"['ID00000_0', 'ID00000_1', 'ID00000_2', 'ID00000_3', 'ID00000_4', 'ID00000_5', 'ID00000_6', 'ID00000_7', 'ID00000_8', 'ID00000_9', 'ID00000_10', 'ID00000_11', 'ID00000_12', 'ID00000_13']",7,11,4,989.0,48
ID00016_0,59,[],ID00016,1,CyberShake,Terminated,0,100000000000,1,261,1,0,0,0,14,14,36.0,1000.0,0,28.0,"['ID00001_0', 'ID00001_1', 'ID00001_2', 'ID00001_3', 'ID00001_4', 'ID00001_5', 'ID00001_6', 'ID00001_7', 'ID00001_8', 'ID00001_9', 'ID00001_10', 'ID00001_11', 'ID00001_12', 'ID00001_13', 'ID00017_0', 'ID00017_1']",0,6,6,978.0,9
ID00016_1,60,[],ID00016,1,CyberShake,Terminated,0,100000000000,1,348,1,0,0,0,9,9,41.0,1000.0,7,30.0,"['ID00001_0', 'ID00001_1', 'ID00001_2', 'ID00001_3', 'ID00001_4', 'ID00001_5', 'ID00001_6', 'ID00001_7', 'ID00001_8', 'ID00001_9', 'ID00001_10', 'ID00001_11', 'ID00001_12', 'ID00001_13', 'ID00017_0', 'ID00017_1']",0,8,8,978.0,8
ID00017_0,61,['ID00016'],ID00017,1,CyberShake,Terminated,0,100000000000,1,256,1,0,0,14,27,13,37.0,1000.0,2,17.0,"['ID00000_0', 'ID00000_1', 'ID00000_2', 'ID00000_3', 'ID00000_4', 'ID00000_5', 'ID00000_6', 'ID00000_7', 'ID00000_8', 'ID00000_9', 'ID00000_10', 'ID00000_11', 'ID00000_12', 'ID00000_13']",6,12,6,989.0,29
ID00017_1,62,['ID00016'],ID00017,1,CyberShake,Terminated,0,100000000000,1,510,1,0,0,14,21,7,43.0,1000.0,11,22.0,"['ID00000_0', 'ID00000_1', 'ID00000_2', 'ID00000_3', 'ID00000_4', 'ID00000_5', 'ID00000_6', 'ID00000_7', 'ID00000_8', 'ID00000_9', 'ID00000_10', 'ID00000_11', 'ID00000_12', 'ID00000_13']",6,17,11,989.0,27
ID00018_0,63,[],ID00018,1,CyberShake,Terminated,0,100000000000,1,462,1,0,0,6,12,6,44.0,1000.0,8,29.0,"['ID00001_0', 'ID00001_1', 'ID00001_2', 'ID00001_3', 'ID00001_4', 'ID00001_5', 'ID00001_6', 'ID00001_7', 'ID00001_8', 'ID00001_9', 'ID00001_10', 'ID00001_11', 'ID00001_12', 'ID00001_13', 'ID00019_0', 'ID00019_1']",0,10,10,981.0,13
ID00018_1,64,[],ID00018,1,CyberShake,Terminated,0,100000000000,1,417,1,0,0,6,12,6,44.0,1000.0,11,28.0,"['ID00001_0', 'ID00001_1', 'ID00001_2', 'ID00001_3', 'ID00001_4', 'ID00001_5', 'ID00001_6', 'ID00001_7', 'ID00001_8', 'ID00001_9', 'ID00001_10', 'ID00001_11', 'ID00001_12', 'ID00001_13', 'ID00019_0', 'ID00019_1']",0,9,9,981.0,15
ID00019_0,65,['ID00018'],ID00019,1,CyberShake,Terminated,0,100000000000,1,361,1,0,0,24,29,5,45.0,1000.0,8,19.0,"['ID00000_0', 'ID00000_1', 'ID00000_2', 'ID00000_3', 'ID00000_4', 'ID00000_5', 'ID00000_6', 'ID00000_7', 'ID00000_8', 'ID00000_9', 'ID00000_10', 'ID00000_11', 'ID00000_12', 'ID00000_13']",10,18,8,989.0,41
ID00019_1,66,['ID00018'],ID00019,1,CyberShake,Terminated,0,100000000000,1,91,1,0,0,27,32,5,45.0,1000.0,2,13.0,"['ID00000_0', 'ID00000_1', 'ID00000_2', 'ID00000_3', 'ID00000_4', 'ID00000_5', 'ID00000_6', 'ID00000_7', 'ID00000_8', 'ID00000_9', 'ID00000_10', 'ID00000_11', 'ID00000_12', 'ID00000_13']",10,12,2,989.0,47
ID00020_0,67,[],ID00020,1,CyberShake,Terminated,0,100000000000,1,441,1,0,0,0,6,6,44.0,1000.0,11,32.0,"['ID00001_0', 'ID00001_1', 'ID00001_2', 'ID00001_3', 'ID00001_4', 'ID00001_5', 'ID00001_6', 'ID00001_7', 'ID00001_8', 'ID00001_9', 'ID00001_10', 'ID00001_11', 'ID00001_12', 'ID00001_13', 'ID00021_0', 'ID00021_1']",0,10,10,978.0,4
ID00020_1,68,[],ID00020,1,CyberShake,Terminated,0,100000000000,1,196,1,0,0,0,10,10,40.0,1000.0,1,27.0,"['ID00001_0', 'ID00001_1', 'ID00001_2', 'ID00001_3', 'ID00001_4', 'ID00001_5', 'ID00001_6', 'ID00001_7', 'ID00001_8', 'ID00001_9', 'ID00001_10', 'ID00001_11', 'ID00001_12', 'ID00001_13', 'ID00021_0', 'ID00021_1']",0,5,5,978.0,10
ID00021_0,69,['ID00020'],ID00021,1,CyberShake,Terminated,0,100000000000,1,410,1,0,0,22,28,6,44.0,1000.0,9,20.0,"['ID00000_0', 'ID00000_1', 'ID00000_2', 'ID00000_3', 'ID00000_4', 'ID00000_5', 'ID00000_6', 'ID00000_7', 'ID00000_8', 'ID00000_9', 'ID00000_10', 'ID00000_11', 'ID00000_12', 'ID00000_13']",10,19,9,989.0,39
ID00021_1,70,['ID00020'],ID00021,1,CyberShake,Terminated,0,100000000000,1,473,1,0,0,16,22,6,44.0,1000.0,10,22.0,"['ID00000_0', 'ID00000_1', 'ID00000_2', 'ID00000_3', 'ID00000_4', 'ID00000_5', 'ID00000_6', 'ID00000_7', 'ID00000_8', 'ID00000_9', 'ID00000_10', 'ID00000_11', 'ID00000_12', 'ID00000_13']",10,21,11,989.0,33
ID00022_0,71,[],ID00022,1,CyberShake,Terminated,0,100000000000,1,240,1,0,0,10,16,6,44.0,1000.0,6,22.0,"['ID00001_0', 'ID00001_1', 'ID00001_2', 'ID00001_3', 'ID00001_4', 'ID00001_5', 'ID00001_6', 'ID00001_7', 'ID00001_8', 'ID00001_9', 'ID00001_10', 'ID00001_11', 'ID00001_12', 'ID00001_13', 'ID00023_0', 'ID00023_1']",0,6,6,984.0,20
ID00022_1,72,[],ID00022,1,CyberShake,Terminated,0,100000000000,1,159,1,0,0,13,21,8,42.0,1000.0,1,20.0,"['ID00001_0', 'ID00001_1', 'ID00001_2', 'ID00001_3', 'ID00001_4', 'ID00001_5', 'ID00001_6', 'ID00001_7', 'ID00001_8', 'ID00001_9', 'ID00001_10', 'ID00001_11', 'ID00001_12', 'ID00001_13', 'ID00023_0', 'ID00023_1']",0,4,4,984.0,26
ID00023_0,73,['ID00022'],ID00023,1,CyberShake,Terminated,0,100000000000,1,200,1,0,0,25,30,5,45.0,1000.0,5,16.0,"['ID00000_0', 'ID00000_1', 'ID00000_2', 'ID00000_3', 'ID00000_4', 'ID00000_5', 'ID00000_6', 'ID00000_7', 'ID00000_8', 'ID00000_9', 'ID00000_10', 'ID00000_11', 'ID00000_12', 'ID00000_13']",6,11,5,989.0,42
ID00023_1,74,['ID00022'],ID00023,1,CyberShake,Terminated,0,100000000000,1,158,1,0,0,26,30,4,46.0,1000.0,6,15.0,"['ID00000_0', 'ID00000_1', 'ID00000_2', 'ID00000_3', 'ID00000_4', 'ID00000_5', 'ID00000_6', 'ID00000_7', 'ID00000_8', 'ID00000_9', 'ID00000_10', 'ID00000_11', 'ID00000_12', 'ID00000_13']",6,10,4,989.0,44
ID00024_0,75,[],ID00024,1,CyberShake,Terminated,0,100000000000,1,293,1,0,0,6,10,4,46.0,1000.0,9,29.0,"['ID00001_0', 'ID00001_1', 'ID00001_2', 'ID00001_3', 'ID00001_4', 'ID00001_5', 'ID00001_6', 'ID00001_7', 'ID00001_8', 'ID00001_9', 'ID00001_10', 'ID00001_11', 'ID00001_12', 'ID00001_13', 'ID00025_0', 'ID00025_1']",0,7,7,978.0,14
ID00024_1,76,[],ID00024,1,CyberShake,Terminated,0,100000000000,1,421,1,0,0,0,6,6,44.0,1000.0,10,32.0,"['ID00001_0', 'ID00001_1', 'ID00001_2', 'ID00001_3', 'ID00001_4', 'ID00001_5', 'ID00001_6', 'ID00001_7', 'ID00001_8', 'ID00001_9', 'ID00001_10', 'ID00001_11', 'ID00001_12', 'ID00001_13', 'ID00025_0', 'ID00025_1']",0,10,10,978.0,5
ID00025_0,77,['ID00024'],ID00025,1,CyberShake,Terminated,0,100000000000,1,494,1,0,0,15,22,7,43.0,1000.0,9,22.0,"['ID00000_0', 'ID00000_1', 'ID00000_2', 'ID00000_3', 'ID00000_4', 'ID00000_5', 'ID00000_6', 'ID00000_7', 'ID00000_8', 'ID00000_9', 'ID00000_10', 'ID00000_11', 'ID00000_12', 'ID00000_13']",7,18,11,989.0,30
ID00025_1,78,['ID00024'],ID00025,1,CyberShake,Terminated,0,100000000000,1,399,1,0,0,22,27,5,45.0,1000.0,10,20.0,"['ID00000_0', 'ID00000_1', 'ID00000_2', 'ID00000_3', 'ID00000_4', 'ID00000_5', 'ID00000_6', 'ID00000_7', 'ID00000_8', 'ID00000_9', 'ID00000_10', 'ID00000_11', 'ID00000_12', 'ID00000_13']",7,16,9,989.0,40
ID00026_0,79,[],ID00026,1,CyberShake,Terminated,0,100000000000,1,131,1,0,0,21,28,7,43.0,1000.0,1,16.0,"['ID00001_0', 'ID00001_1', 'ID00001_2', 'ID00001_3', 'ID00001_4', 'ID00001_5', 'ID00001_6', 'ID00001_7', 'ID00001_8', 'ID00001_9', 'ID00001_10', 'ID00001_11', 'ID00001_12', 'ID00001_13', 'ID00027_0', 'ID00027_1']",0,3,3,987.0,38
ID00026_1,80,[],ID00026,1,CyberShake,Terminated,0,100000000000,1,469,1,0,0,12,18,6,44.0,1000.0,8,24.0,"['ID00001_0', 'ID00001_1', 'ID00001_2', 'ID00001_3', 'ID00001_4', 'ID00001_5', 'ID00001_6', 'ID00001_7', 'ID00001_8', 'ID00001_9', 'ID00001_10', 'ID00001_11', 'ID00001_12', 'ID00001_13', 'ID00027_0', 'ID00027_1']",0,11,11,987.0,22
ID00027_0,81,['ID00026'],ID00027,1,CyberShake,Terminated,0,100000000000,1,80,1,0,0,30,31,1,49.0,1000.0,9,13.0,"['ID00000_0', 'ID00000_1', 'ID00000_2', 'ID00000_3', 'ID00000_4', 'ID00000_5', 'ID00000_6', 'ID00000_7', 'ID00000_8', 'ID00000_9', 'ID00000_10', 'ID00000_11', 'ID00000_12', 'ID00000_13']",3,5,2,989.0,54
ID00027_1,82,['ID00026'],ID00027,1,CyberShake,Terminated,0,100000000000,1,90,1,0,0,28,31,3,47.0,1000.0,4,13.0,"['ID00000_0', 'ID00000_1', 'ID00000_2', 'ID00000_3', 'ID00000_4', 'ID00000_5', 'ID00000_6', 'ID00000_7', 'ID00000_8', 'ID00000_9', 'ID00000_10', 'ID00000_11', 'ID00000_12', 'ID00000_13']",3,5,2,989.0,49
ID00028_0,83,[],ID00028,1,CyberShake,Terminated,0,100000000000,1,374,1,0,0,10,15,5,45.0,1000.0,9,26.0,"['ID00001_0', 'ID00001_1', 'ID00001_2', 'ID00001_3', 'ID00001_4', 'ID00001_5', 'ID00001_6', 'ID00001_7', 'ID00001_8', 'ID00001_9', 'ID00001_10', 'ID00001_11', 'ID00001_12', 'ID00001_13', 'ID00029_0', 'ID00029_1']",0,9,9,983.0,18
ID00028_1,84,[],ID00028,1,CyberShake,Terminated,0,100000000000,1,468,1,0,0,6,12,6,44.0,1000.0,10,28.0,"['ID00001_0', 'ID00001_1', 'ID00001_2', 'ID00001_3', 'ID00001_4', 'ID00001_5', 'ID00001_6', 'ID00001_7', 'ID00001_8', 'ID00001_9', 'ID00001_10', 'ID00001_11', 'ID00001_12', 'ID00001_13', 'ID00029_0', 'ID00029_1']",0,11,11,983.0,16
ID00029_0,85,['ID00028'],ID00029,1,CyberShake,Terminated,0,100000000000,1,264,1,0,0,15,29,14,36.0,1000.0,3,17.0,"['ID00000_0', 'ID00000_1', 'ID00000_2', 'ID00000_3', 'ID00000_4', 'ID00000_5', 'ID00000_6', 'ID00000_7', 'ID00000_8', 'ID00000_9', 'ID00000_10', 'ID00000_11', 'ID00000_12', 'ID00000_13']",9,15,6,989.0,32
ID00029_1,86,['ID00028'],ID00029,1,CyberShake,Terminated,0,100000000000,1,104,1,0,0,27,30,3,47.0,1000.0,7,14.0,"['ID00000_0', 'ID00000_1', 'ID00000_2', 'ID00000_3', 'ID00000_4', 'ID00000_5', 'ID00000_6', 'ID00000_7', 'ID00000_8', 'ID00000_9', 'ID00000_10', 'ID00000_11', 'ID00000_12', 'ID00000_13']",9,12,3,989.0,46
