task_id,Unnamed: 0,parents,job_id,instances_num,task_type,status,start_time,end_time,cpu,memory,duration,submit_time,disk,EST,EFT,MET,LFT,AST,VmId,ru,children,initial_EST,initial_EFT,initial_MET,initial_LFT,rankScore
ID00000_0,0,"['ID00006', 'ID00017', 'ID00027', 'ID00004', 'ID00015', 'ID00025', 'ID00008', 'ID00019', 'ID00029', 'ID00012', 'ID00023', 'ID00010', 'ID00021']",ID00000,1,CyberShake,Terminated,0,100000000000,1,402,1,0,0,26,37,11,44.0,1000.0,4,9.0,[],21,30,9,1000.0,60
ID00000_1,1,"['ID00006', 'ID00017', 'ID00027', 'ID00004', 'ID00015', 'ID00025', 'ID00008', 'ID00019', 'ID00029', 'ID00012', 'ID00023', 'ID00010', 'ID00021']",ID00000,1,CyberShake,Terminated,0,100000000000,1,152,1,0,0,36,40,4,44.0,1000.0,6,4.0,[],21,25,4,1000.0,72
ID00000_2,2,"['ID00006', 'ID00017', 'ID00027', 'ID00004', 'ID00015', 'ID00025', 'ID00008', 'ID00019', 'ID00029', 'ID00012', 'ID00023', 'ID00010', 'ID00021']",ID00000,1,CyberShake,Terminated,0,100000000000,1,455,1,0,0,26,32,6,44.0,1000.0,9,10.0,[],21,31,10,1000.0,58
ID00000_3,3,"['ID00006', 'ID00017', 'ID00027', 'ID00004', 'ID00015', 'ID00025', 'ID00008', 'ID00019', 'ID00029', 'ID00012', 'ID00023', 'ID00010', 'ID00021']",ID00000,1,CyberShake,Terminated,0,100000000000,1,56,1,0,0,38,41,3,44.0,1000.0,2,2.0,[],21,23,2,1000.0,79
ID00000_4,4,"['ID00006', 'ID00017', 'ID00027', 'ID00004', 'ID00015', 'ID00025', 'ID00008', 'ID00019', 'ID00029', 'ID00012', 'ID00023', 'ID00010', 'ID00021']",ID00000,1,CyberShake,Terminated,0,100000000000,1,349,1,0,0,32,37,5,44.0,1000.0,8,8.0,[],21,29,8,1000.0,66
ID00000_5,5,"['ID00006', 'ID00017', 'ID00027', 'ID00004', 'ID00015', 'ID00025', 'ID00008', 'ID00019', 'ID00029', 'ID00012', 'ID00023', 'ID00010', 'ID00021']",ID00000,1,CyberShake,Terminated,0,100000000000,1,68,1,0,0,40,42,2,44.0,1000.0,6,2.0,[],21,23,2,1000.0,83
ID00000_6,6,"['ID00006', 'ID00017', 'ID00027', 'ID00004', 'ID00015', 'ID00025', 'ID00008', 'ID00019', 'ID00029', 'ID00012', 'ID00023', 'ID00010', 'ID00021']",ID00000,1,CyberShake,Terminated,0,100000000000,1,61,1,0,0,41,42,1,44.0,1000.0,10,2.0,[],21,23,2,1000.0,85
ID00000_7,7,"['ID00006', 'ID00017', 'ID00027', 'ID00004', 'ID00015', 'ID00025', 'ID00008', 'ID00019', 'ID00029', 'ID00012', 'ID00023', 'ID00010', 'ID00021']",ID00000,1,CyberShake,Terminated,0,100000000000,1,321,1,0,0,36,41,5,44.0,1000.0,10,7.0,[],21,28,7,1000.0,69
ID00000_8,8,"['ID00006', 'ID00017', 'ID00027', 'ID00004', 'ID00015', 'ID00025', 'ID00008', 'ID00019', 'ID00029', 'ID00012', 'ID00023', 'ID00010', 'ID00021']",ID00000,1,CyberShake,Terminated,0,100000000000,1,157,1,0,0,37,41,4,44.0,1000.0,4,4.0,[],21,25,4,1000.0,76
ID00000_9,9,"['ID00006', 'ID00017', 'ID00027', 'ID00004', 'ID00015', 'ID00025', 'ID00008', 'ID00019', 'ID00029', 'ID00012', 'ID00023', 'ID00010', 'ID00021']",ID00000,1,CyberShake,Terminated,0,100000000000,1,344,1,0,0,32,37,5,44.0,1000.0,9,8.0,[],21,29,8,1000.0,67
ID00000_10,10,"['ID00006', 'ID00017', 'ID00027', 'ID00004', 'ID00015', 'ID00025', 'ID00008', 'ID00019', 'ID00029', 'ID00012', 'ID00023', 'ID00010', 'ID00021']",ID00000,1,CyberShake,Terminated,0,100000000000,1,14,1,0,0,41,42,1,44.0,1000.0,2,1.0,[],21,22,1,1000.0,87
ID00000_11,11,"['ID00006', 'ID00017', 'ID00027', 'ID00004', 'ID00015', 'ID00025', 'ID00008', 'ID00019', 'ID00029', 'ID00012', 'ID00023', 'ID00010', 'ID00021']",ID00000,1,CyberShake,Terminated,0,100000000000,1,188,1,0,0,37,40,3,44.0,1000.0,9,5.0,[],21,26,5,1000.0,74
ID00000_12,12,"['ID00006', 'ID00017', 'ID00027', 'ID00004', 'ID00015', 'ID00025', 'ID00008', 'ID00019', 'ID00029', 'ID00012', 'ID00023', 'ID00010', 'ID00021']",ID00000,1,CyberShake,Terminated,0,100000000000,1,387,1,0,0,26,36,10,44.0,1000.0,5,9.0,[],21,30,9,1000.0,61
ID00000_13,13,"['ID00006', 'ID00017', 'ID00027', 'ID00004', 'ID00015', 'ID00025', 'ID00008', 'ID00019', 'ID00029', 'ID00012', 'ID00023', 'ID00010', 'ID00021']",ID00000,1,CyberShake,Terminated,0,100000000000,1,15,1,0,0,40,41,1,44.0,1000.0,3,1.0,[],21,22,1,1000.0,84
ID00001_0,14,"['ID00028', 'ID00005', 'ID00016', 'ID00026', 'ID00003', 'ID00014', 'ID00009', 'ID00007', 'ID00018', 'ID00020', 'ID00024', 'ID00011', 'ID00022']",ID00001,1,CyberShake,Terminated,0,100000000000,1,441,1,0,0,26,32,6,44.0,1000.0,8,10.0,[],11,21,10,1000.0,59
ID00001_1,15,"['ID00028', 'ID00005', 'ID00016', 'ID00026', 'ID00003', 'ID00014', 'ID00009', 'ID00007', 'ID00018', 'ID00020', 'ID00024', 'ID00011', 'ID00022']",ID00001,1,CyberShake,Terminated,0,100000000000,1,170,1,0,0,40,43,3,44.0,1000.0,8,4.0,[],11,15,4,1000.0,81
ID00001_2,16,"['ID00028', 'ID00005', 'ID00016', 'ID00026', 'ID00003', 'ID00014', 'ID00009', 'ID00007', 'ID00018', 'ID00020', 'ID00024', 'ID00011', 'ID00022']",ID00001,1,CyberShake,Terminated,0,100000000000,1,96,1,0,0,37,42,5,44.0,1000.0,0,3.0,[],11,14,3,1000.0,77
ID00001_3,17,"['ID00028', 'ID00005', 'ID00016', 'ID00026', 'ID00003', 'ID00014', 'ID00009', 'ID00007', 'ID00018', 'ID00020', 'ID00024', 'ID00011', 'ID00022']",ID00001,1,CyberShake,Terminated,0,100000000000,1,95,1,0,0,37,42,5,44.0,1000.0,1,3.0,[],11,14,3,1000.0,78
ID00001_4,18,"['ID00028', 'ID00005', 'ID00016', 'ID00026', 'ID00003', 'ID00014', 'ID00009', 'ID00007', 'ID00018', 'ID00020', 'ID00024', 'ID00011', 'ID00022']",ID00001,1,CyberShake,Terminated,0,100000000000,1,241,1,0,0,25,38,13,44.0,1000.0,2,6.0,[],11,17,6,1000.0,55
ID00001_5,19,"['ID00028', 'ID00005', 'ID00016', 'ID00026', 'ID00003', 'ID00014', 'ID00009', 'ID00007', 'ID00018', 'ID00020', 'ID00024', 'ID00011', 'ID00022']",ID00001,1,CyberShake,Terminated,0,100000000000,1,235,1,0,0,25,37,12,44.0,1000.0,1,6.0,[],11,17,6,1000.0,56
ID00001_6,20,"['ID00028', 'ID00005', 'ID00016', 'ID00026', 'ID00003', 'ID00014', 'ID00009', 'ID00007', 'ID00018', 'ID00020', 'ID00024', 'ID00011', 'ID00022']",ID00001,1,CyberShake,Terminated,0,100000000000,1,380,1,0,0,26,36,10,44.0,1000.0,7,9.0,[],11,20,9,1000.0,62
ID00001_7,21,"['ID00028', 'ID00005', 'ID00016', 'ID00026', 'ID00003', 'ID00014', 'ID00009', 'ID00007', 'ID00018', 'ID00020', 'ID00024', 'ID00011', 'ID00022']",ID00001,1,CyberShake,Terminated,0,100000000000,1,272,1,0,0,26,40,14,44.0,1000.0,3,6.0,[],11,17,6,1000.0,64
ID00001_8,22,"['ID00028', 'ID00005', 'ID00016', 'ID00026', 'ID00003', 'ID00014', 'ID00009', 'ID00007', 'ID00018', 'ID00020', 'ID00024', 'ID00011', 'ID00022']",ID00001,1,CyberShake,Terminated,0,100000000000,1,162,1,0,0,36,41,5,44.0,1000.0,7,4.0,[],11,15,4,1000.0,73
ID00001_9,23,"['ID00028', 'ID00005', 'ID00016', 'ID00026', 'ID00003', 'ID00014', 'ID00009', 'ID00007', 'ID00018', 'ID00020', 'ID00024', 'ID00011', 'ID00022']",ID00001,1,CyberShake,Terminated,0,100000000000,1,346,1,0,0,31,36,5,44.0,1000.0,11,8.0,[],11,19,8,1000.0,65
ID00001_10,24,"['ID00028', 'ID00005', 'ID00016', 'ID00026', 'ID00003', 'ID00014', 'ID00009', 'ID00007', 'ID00018', 'ID00020', 'ID00024', 'ID00011', 'ID00022']",ID00001,1,CyberShake,Terminated,0,100000000000,1,238,1,0,0,25,37,12,44.0,1000.0,0,6.0,[],11,17,6,1000.0,57
ID00001_11,25,"['ID00028', 'ID00005', 'ID00016', 'ID00026', 'ID00003', 'ID00014', 'ID00009', 'ID00007', 'ID00018', 'ID00020', 'ID00024', 'ID00011', 'ID00022']",ID00001,1,CyberShake,Terminated,0,100000000000,1,188,1,0,0,36,41,5,44.0,1000.0,5,5.0,[],11,16,5,1000.0,70
ID00001_12,26,"['ID00028', 'ID00005', 'ID00016', 'ID00026', 'ID00003', 'ID00014', 'ID00009', 'ID00007', 'ID00018', 'ID00020', 'ID00024', 'ID00011', 'ID00022']",ID00001,1,CyberShake,Terminated,0,100000000000,1,181,1,0,0,39,42,3,44.0,1000.0,11,4.0,[],11,15,4,1000.0,80
ID00001_13,27,"['ID00028', 'ID00005', 'ID00016', 'ID00026', 'ID00003', 'ID00014', 'ID00009', 'ID00007', 'ID00018', 'ID00020', 'ID00024', 'ID00011', 'ID00022']",ID00001,1,CyberShake,Terminated,0,100000000000,1,15,1,0,0,41,42,1,44.0,1000.0,3,1.0,[],11,12,1,1000.0,88
ID00002_0,28,[],ID00002,1,CyberShake,Terminated,0,100000000000,1,197,1,0,0,36,39,3,44.0,1000.0,11,5.0,[],0,5,5,1000.0,71
ID00002_1,29,[],ID00002,1,CyberShake,Terminated,0,100000000000,1,374,1,0,0,26,36,10,44.0,1000.0,6,9.0,[],0,9,9,1000.0,63
ID00002_2,30,[],ID00002,1,CyberShake,Terminated,0,100000000000,1,490,1,0,0,25,32,7,44.0,1000.0,10,11.0,[],0,11,11,1000.0,53
ID00003_0,31,[],ID00003,1,CyberShake,Terminated,0,100000000000,1,100,1,0,0,5,10,5,39.0,1000.0,2,22.0,"['ID00001_0', 'ID00001_1', 'ID00001_2', 'ID00001_3', 'ID00001_4', 'ID00001_5', 'ID00001_6', 'ID00001_7', 'ID00001_8', 'ID00001_9', 'ID00001_10', 'ID00001_11', 'ID00001_12', 'ID00001_13', 'ID00004_0', 'ID00004_1']",0,3,3,981.0,14
ID00003_1,32,[],ID00003,1,CyberShake,Terminated,0,100000000000,1,441,1,0,0,0,6,6,38.0,1000.0,10,29.0,"['ID00001_0', 'ID00001_1', 'ID00001_2', 'ID00001_3', 'ID00001_4', 'ID00001_5', 'ID00001_6', 'ID00001_7', 'ID00001_8', 'ID00001_9', 'ID00001_10', 'ID00001_11', 'ID00001_12', 'ID00001_13', 'ID00004_0', 'ID00004_1']",0,10,10,981.0,2
ID00004_0,33,['ID00003'],ID00004,1,CyberShake,Terminated,0,100000000000,1,48,1,0,0,22,24,2,42.0,1000.0,6,12.0,"['ID00000_0', 'ID00000_1', 'ID00000_2', 'ID00000_3', 'ID00000_4', 'ID00000_5', 'ID00000_6', 'ID00000_7', 'ID00000_8', 'ID00000_9', 'ID00000_10', 'ID00000_11', 'ID00000_12', 'ID00000_13']",3,5,2,990.0,45
ID00004_1,34,['ID00003'],ID00004,1,CyberShake,Terminated,0,100000000000,1,402,1,0,0,11,22,11,33.0,1000.0,6,19.0,"['ID00000_0', 'ID00000_1', 'ID00000_2', 'ID00000_3', 'ID00000_4', 'ID00000_5', 'ID00000_6', 'ID00000_7', 'ID00000_8', 'ID00000_9', 'ID00000_10', 'ID00000_11', 'ID00000_12', 'ID00000_13']",3,12,9,990.0,28
ID00005_0,35,[],ID00005,1,CyberShake,Terminated,0,100000000000,1,121,1,0,0,10,17,7,37.0,1000.0,1,18.0,"['ID00001_0', 'ID00001_1', 'ID00001_2', 'ID00001_3', 'ID00001_4', 'ID00001_5', 'ID00001_6', 'ID00001_7', 'ID00001_8', 'ID00001_9', 'ID00001_10', 'ID00001_11', 'ID00001_12', 'ID00001_13', 'ID00006_0', 'ID00006_1']",0,3,3,985.0,25
ID00005_1,36,[],ID00005,1,CyberShake,Terminated,0,100000000000,1,170,1,0,0,12,17,5,39.0,1000.0,7,19.0,"['ID00001_0', 'ID00001_1', 'ID00001_2', 'ID00001_3', 'ID00001_4', 'ID00001_5', 'ID00001_6', 'ID00001_7', 'ID00001_8', 'ID00001_9', 'ID00001_10', 'ID00001_11', 'ID00001_12', 'ID00001_13', 'ID00006_0', 'ID00006_1']",0,4,4,985.0,29
ID00006_0,37,['ID00005'],ID00006,1,CyberShake,Terminated,0,100000000000,1,231,1,0,0,23,26,3,41.0,1000.0,8,15.0,"['ID00000_0', 'ID00000_1', 'ID00000_2', 'ID00000_3', 'ID00000_4', 'ID00000_5', 'ID00000_6', 'ID00000_7', 'ID00000_8', 'ID00000_9', 'ID00000_10', 'ID00000_11', 'ID00000_12', 'ID00000_13']",3,8,5,990.0,46
ID00006_1,38,['ID00005'],ID00006,1,CyberShake,Terminated,0,100000000000,1,152,1,0,0,22,26,4,40.0,1000.0,5,14.0,"['ID00000_0', 'ID00000_1', 'ID00000_2', 'ID00000_3', 'ID00000_4', 'ID00000_5', 'ID00000_6', 'ID00000_7', 'ID00000_8', 'ID00000_9', 'ID00000_10', 'ID00000_11', 'ID00000_12', 'ID00000_13']",3,7,4,990.0,44
ID00007_0,39,[],ID00007,1,CyberShake,Terminated,0,100000000000,1,121,1,0,0,0,7,7,37.0,1000.0,3,23.0,"['ID00001_0', 'ID00001_1', 'ID00001_2', 'ID00001_3', 'ID00001_4', 'ID00001_5', 'ID00001_6', 'ID00001_7', 'ID00001_8', 'ID00001_9', 'ID00001_10', 'ID00001_11', 'ID00001_12', 'ID00001_13', 'ID00008_0', 'ID00008_1']",0,3,3,980.0,12
ID00007_1,40,[],ID00007,1,CyberShake,Terminated,0,100000000000,1,96,1,0,0,5,10,5,39.0,1000.0,1,23.0,"['ID00001_0', 'ID00001_1', 'ID00001_2', 'ID00001_3', 'ID00001_4', 'ID00001_5', 'ID00001_6', 'ID00001_7', 'ID00001_8', 'ID00001_9', 'ID00001_10', 'ID00001_11', 'ID00001_12', 'ID00001_13', 'ID00008_0', 'ID00008_1']",0,3,3,980.0,13
ID00008_0,41,['ID00007'],ID00008,1,CyberShake,Terminated,0,100000000000,1,66,1,0,0,23,25,2,42.0,1000.0,4,12.0,"['ID00000_0', 'ID00000_1', 'ID00000_2', 'ID00000_3', 'ID00000_4', 'ID00000_5', 'ID00000_6', 'ID00000_7', 'ID00000_8', 'ID00000_9', 'ID00000_10', 'ID00000_11', 'ID00000_12', 'ID00000_13']",3,5,2,990.0,47
ID00008_1,42,['ID00007'],ID00008,1,CyberShake,Terminated,0,100000000000,1,455,1,0,0,14,20,6,38.0,1000.0,11,20.0,"['ID00000_0', 'ID00000_1', 'ID00000_2', 'ID00000_3', 'ID00000_4', 'ID00000_5', 'ID00000_6', 'ID00000_7', 'ID00000_8', 'ID00000_9', 'ID00000_10', 'ID00000_11', 'ID00000_12', 'ID00000_13']",3,13,10,990.0,34
ID00009_0,43,[],ID00009,1,CyberShake,Terminated,0,100000000000,1,437,1,0,0,0,6,6,38.0,1000.0,8,31.0,"['ID00001_0', 'ID00001_1', 'ID00001_2', 'ID00001_3', 'ID00001_4', 'ID00001_5', 'ID00001_6', 'ID00001_7', 'ID00001_8', 'ID00001_9', 'ID00001_10', 'ID00001_11', 'ID00001_12', 'ID00001_13', 'ID00010_0', 'ID00010_1']",0,10,10,979.0,1
ID00009_1,44,[],ID00009,1,CyberShake,Terminated,0,100000000000,1,95,1,0,0,0,5,5,39.0,1000.0,1,24.0,"['ID00001_0', 'ID00001_1', 'ID00001_2', 'ID00001_3', 'ID00001_4', 'ID00001_5', 'ID00001_6', 'ID00001_7', 'ID00001_8', 'ID00001_9', 'ID00001_10', 'ID00001_11', 'ID00001_12', 'ID00001_13', 'ID00010_0', 'ID00010_1']",0,3,3,979.0,10
ID00010_0,45,['ID00009'],ID00010,1,CyberShake,Terminated,0,100000000000,1,503,1,0,0,13,20,7,37.0,1000.0,9,21.0,"['ID00000_0', 'ID00000_1', 'ID00000_2', 'ID00000_3', 'ID00000_4', 'ID00000_5', 'ID00000_6', 'ID00000_7', 'ID00000_8', 'ID00000_9', 'ID00000_10', 'ID00000_11', 'ID00000_12', 'ID00000_13']",10,21,11,990.0,33
ID00010_1,46,['ID00009'],ID00010,1,CyberShake,Terminated,0,100000000000,1,56,1,0,0,24,25,1,43.0,1000.0,11,12.0,"['ID00000_0', 'ID00000_1', 'ID00000_2', 'ID00000_3', 'ID00000_4', 'ID00000_5', 'ID00000_6', 'ID00000_7', 'ID00000_8', 'ID00000_9', 'ID00000_10', 'ID00000_11', 'ID00000_12', 'ID00000_13']",10,12,2,990.0,49
ID00011_0,47,[],ID00011,1,CyberShake,Terminated,0,100000000000,1,490,1,0,0,0,7,7,37.0,1000.0,11,29.0,"['ID00001_0', 'ID00001_1', 'ID00001_2', 'ID00001_3', 'ID00001_4', 'ID00001_5', 'ID00001_6', 'ID00001_7', 'ID00001_8', 'ID00001_9', 'ID00001_10', 'ID00001_11', 'ID00001_12', 'ID00001_13', 'ID00012_0', 'ID00012_1']",0,11,11,982.0,3
ID00011_1,48,[],ID00011,1,CyberShake,Terminated,0,100000000000,1,241,1,0,0,7,11,4,40.0,1000.0,11,24.0,"['ID00001_0', 'ID00001_1', 'ID00001_2', 'ID00001_3', 'ID00001_4', 'ID00001_5', 'ID00001_6', 'ID00001_7', 'ID00001_8', 'ID00001_9', 'ID00001_10', 'ID00001_11', 'ID00001_12', 'ID00001_13', 'ID00012_0', 'ID00012_1']",0,6,6,982.0,19
ID00012_0,49,['ID00011'],ID00012,1,CyberShake,Terminated,0,100000000000,1,214,1,0,0,12,23,11,33.0,1000.0,3,15.0,"['ID00000_0', 'ID00000_1', 'ID00000_2', 'ID00000_3', 'ID00000_4', 'ID00000_5', 'ID00000_6', 'ID00000_7', 'ID00000_8', 'ID00000_9', 'ID00000_10', 'ID00000_11', 'ID00000_12', 'ID00000_13']",11,16,5,990.0,32
ID00012_1,50,['ID00011'],ID00012,1,CyberShake,Terminated,0,100000000000,1,349,1,0,0,20,25,5,39.0,1000.0,9,18.0,"['ID00000_0', 'ID00000_1', 'ID00000_2', 'ID00000_3', 'ID00000_4', 'ID00000_5', 'ID00000_6', 'ID00000_7', 'ID00000_8', 'ID00000_9', 'ID00000_10', 'ID00000_11', 'ID00000_12', 'ID00000_13']",11,19,8,990.0,41
ID00013_0,51,[],ID00013,1,CyberShake,Terminated,0,100000000000,1,206,1,0,0,37,40,3,44.0,1000.0,8,5.0,[],0,5,5,1000.0,75
ID00013_1,52,[],ID00013,1,CyberShake,Terminated,0,100000000000,1,313,1,0,0,32,36,4,44.0,1000.0,10,7.0,[],0,7,7,1000.0,68
ID00013_2,53,[],ID00013,1,CyberShake,Terminated,0,100000000000,1,97,1,0,0,40,42,2,44.0,1000.0,9,3.0,[],0,3,3,1000.0,82
ID00013_3,54,[],ID00013,1,CyberShake,Terminated,0,100000000000,1,474,1,0,0,25,31,6,44.0,1000.0,11,11.0,[],0,11,11,1000.0,54
ID00013_4,55,[],ID00013,1,CyberShake,Terminated,0,100000000000,1,89,1,0,0,41,44,3,44.0,1000.0,4,2.0,[],0,2,2,1000.0,86
ID00014_0,56,[],ID00014,1,CyberShake,Terminated,0,100000000000,1,452,1,0,0,0,6,6,38.0,1000.0,9,29.0,"['ID00001_0', 'ID00001_1', 'ID00001_2', 'ID00001_3', 'ID00001_4', 'ID00001_5', 'ID00001_6', 'ID00001_7', 'ID00001_8', 'ID00001_9', 'ID00001_10', 'ID00001_11', 'ID00001_12', 'ID00001_13', 'ID00015_0', 'ID00015_1']",0,10,10,981.0,4
ID00014_1,57,[],ID00014,1,CyberShake,Terminated,0,100000000000,1,235,1,0,0,6,9,3,41.0,1000.0,9,25.0,"['ID00001_0', 'ID00001_1', 'ID00001_2', 'ID00001_3', 'ID00001_4', 'ID00001_5', 'ID00001_6', 'ID00001_7', 'ID00001_8', 'ID00001_9', 'ID00001_10', 'ID00001_11', 'ID00001_12', 'ID00001_13', 'ID00015_0', 'ID00015_1']",0,6,6,981.0,15
ID00015_0,58,['ID00014'],ID00015,1,CyberShake,Terminated,0,100000000000,1,395,1,0,0,18,23,5,39.0,1000.0,8,19.0,"['ID00000_0', 'ID00000_1', 'ID00000_2', 'ID00000_3', 'ID00000_4', 'ID00000_5', 'ID00000_6', 'ID00000_7', 'ID00000_8', 'ID00000_9', 'ID00000_10', 'ID00000_11', 'ID00000_12', 'ID00000_13']",10,19,9,990.0,40
ID00015_1,59,['ID00014'],ID00015,1,CyberShake,Terminated,0,100000000000,1,68,1,0,0,25,26,1,43.0,1000.0,9,12.0,"['ID00000_0', 'ID00000_1', 'ID00000_2', 'ID00000_3', 'ID00000_4', 'ID00000_5', 'ID00000_6', 'ID00000_7', 'ID00000_8', 'ID00000_9', 'ID00000_10', 'ID00000_11', 'ID00000_12', 'ID00000_13']",10,12,2,990.0,52
ID00016_0,60,[],ID00016,1,CyberShake,Terminated,0,100000000000,1,214,1,0,0,11,14,3,41.0,1000.0,11,21.0,"['ID00001_0', 'ID00001_1', 'ID00001_2', 'ID00001_3', 'ID00001_4', 'ID00001_5', 'ID00001_6', 'ID00001_7', 'ID00001_8', 'ID00001_9', 'ID00001_10', 'ID00001_11', 'ID00001_12', 'ID00001_13', 'ID00017_0', 'ID00017_1']",0,5,5,984.0,26
ID00016_1,61,[],ID00016,1,CyberShake,Terminated,0,100000000000,1,380,1,0,0,6,11,5,39.0,1000.0,8,25.0,"['ID00001_0', 'ID00001_1', 'ID00001_2', 'ID00001_3', 'ID00001_4', 'ID00001_5', 'ID00001_6', 'ID00001_7', 'ID00001_8', 'ID00001_9', 'ID00001_10', 'ID00001_11', 'ID00001_12', 'ID00001_13', 'ID00017_0', 'ID00017_1']",0,9,9,984.0,16
ID00017_0,62,['ID00016'],ID00017,1,CyberShake,Terminated,0,100000000000,1,234,1,0,0,22,25,3,41.0,1000.0,10,16.0,"['ID00000_0', 'ID00000_1', 'ID00000_2', 'ID00000_3', 'ID00000_4', 'ID00000_5', 'ID00000_6', 'ID00000_7', 'ID00000_8', 'ID00000_9', 'ID00000_10', 'ID00000_11', 'ID00000_12', 'ID00000_13']",5,11,6,990.0,43
ID00017_1,63,['ID00016'],ID00017,1,CyberShake,Terminated,0,100000000000,1,61,1,0,0,24,26,2,42.0,1000.0,6,12.0,"['ID00000_0', 'ID00000_1', 'ID00000_2', 'ID00000_3', 'ID00000_4', 'ID00000_5', 'ID00000_6', 'ID00000_7', 'ID00000_8', 'ID00000_9', 'ID00000_10', 'ID00000_11', 'ID00000_12', 'ID00000_13']",5,7,2,990.0,50
ID00018_0,64,[],ID00018,1,CyberShake,Terminated,0,100000000000,1,449,1,0,0,0,12,12,32.0,1000.0,7,27.0,"['ID00001_0', 'ID00001_1', 'ID00001_2', 'ID00001_3', 'ID00001_4', 'ID00001_5', 'ID00001_6', 'ID00001_7', 'ID00001_8', 'ID00001_9', 'ID00001_10', 'ID00001_11', 'ID00001_12', 'ID00001_13', 'ID00019_0', 'ID00019_1']",0,10,10,983.0,6
ID00018_1,65,[],ID00018,1,CyberShake,Terminated,0,100000000000,1,272,1,0,0,9,13,4,40.0,1000.0,9,23.0,"['ID00001_0', 'ID00001_1', 'ID00001_2', 'ID00001_3', 'ID00001_4', 'ID00001_5', 'ID00001_6', 'ID00001_7', 'ID00001_8', 'ID00001_9', 'ID00001_10', 'ID00001_11', 'ID00001_12', 'ID00001_13', 'ID00019_0', 'ID00019_1']",0,6,6,983.0,21
ID00019_0,66,['ID00018'],ID00019,1,CyberShake,Terminated,0,100000000000,1,50,1,0,0,23,26,3,41.0,1000.0,3,12.0,"['ID00000_0', 'ID00000_1', 'ID00000_2', 'ID00000_3', 'ID00000_4', 'ID00000_5', 'ID00000_6', 'ID00000_7', 'ID00000_8', 'ID00000_9', 'ID00000_10', 'ID00000_11', 'ID00000_12', 'ID00000_13']",10,12,2,990.0,48
ID00019_1,67,['ID00018'],ID00019,1,CyberShake,Terminated,0,100000000000,1,321,1,0,0,17,26,9,35.0,1000.0,7,17.0,"['ID00000_0', 'ID00000_1', 'ID00000_2', 'ID00000_3', 'ID00000_4', 'ID00000_5', 'ID00000_6', 'ID00000_7', 'ID00000_8', 'ID00000_9', 'ID00000_10', 'ID00000_11', 'ID00000_12', 'ID00000_13']",10,17,7,990.0,38
ID00020_0,68,[],ID00020,1,CyberShake,Terminated,0,100000000000,1,434,1,0,0,0,11,11,33.0,1000.0,6,27.0,"['ID00001_0', 'ID00001_1', 'ID00001_2', 'ID00001_3', 'ID00001_4', 'ID00001_5', 'ID00001_6', 'ID00001_7', 'ID00001_8', 'ID00001_9', 'ID00001_10', 'ID00001_11', 'ID00001_12', 'ID00001_13', 'ID00021_0', 'ID00021_1']",0,10,10,983.0,7
ID00020_1,69,[],ID00020,1,CyberShake,Terminated,0,100000000000,1,162,1,0,0,9,14,5,39.0,1000.0,4,21.0,"['ID00001_0', 'ID00001_1', 'ID00001_2', 'ID00001_3', 'ID00001_4', 'ID00001_5', 'ID00001_6', 'ID00001_7', 'ID00001_8', 'ID00001_9', 'ID00001_10', 'ID00001_11', 'ID00001_12', 'ID00001_13', 'ID00021_0', 'ID00021_1']",0,4,4,983.0,22
ID00021_0,70,['ID00020'],ID00021,1,CyberShake,Terminated,0,100000000000,1,304,1,0,0,20,24,4,40.0,1000.0,11,17.0,"['ID00000_0', 'ID00000_1', 'ID00000_2', 'ID00000_3', 'ID00000_4', 'ID00000_5', 'ID00000_6', 'ID00000_7', 'ID00000_8', 'ID00000_9', 'ID00000_10', 'ID00000_11', 'ID00000_12', 'ID00000_13']",10,17,7,990.0,42
ID00021_1,71,['ID00020'],ID00021,1,CyberShake,Terminated,0,100000000000,1,157,1,0,0,17,25,8,36.0,1000.0,1,14.0,"['ID00000_0', 'ID00000_1', 'ID00000_2', 'ID00000_3', 'ID00000_4', 'ID00000_5', 'ID00000_6', 'ID00000_7', 'ID00000_8', 'ID00000_9', 'ID00000_10', 'ID00000_11', 'ID00000_12', 'ID00000_13']",10,14,4,990.0,39
ID00022_0,72,[],ID00022,1,CyberShake,Terminated,0,100000000000,1,166,1,0,0,0,9,9,35.0,1000.0,0,25.0,"['ID00001_0', 'ID00001_1', 'ID00001_2', 'ID00001_3', 'ID00001_4', 'ID00001_5', 'ID00001_6', 'ID00001_7', 'ID00001_8', 'ID00001_9', 'ID00001_10', 'ID00001_11', 'ID00001_12', 'ID00001_13', 'ID00023_0', 'ID00023_1']",0,4,4,979.0,9
ID00022_1,73,[],ID00022,1,CyberShake,Terminated,0,100000000000,1,346,1,0,0,0,9,9,35.0,1000.0,4,29.0,"['ID00001_0', 'ID00001_1', 'ID00001_2', 'ID00001_3', 'ID00001_4', 'ID00001_5', 'ID00001_6', 'ID00001_7', 'ID00001_8', 'ID00001_9', 'ID00001_10', 'ID00001_11', 'ID00001_12', 'ID00001_13', 'ID00023_0', 'ID00023_1']",0,8,8,979.0,5
ID00023_0,74,['ID00022'],ID00023,1,CyberShake,Terminated,0,100000000000,1,498,1,0,0,9,16,7,37.0,1000.0,10,21.0,"['ID00000_0', 'ID00000_1', 'ID00000_2', 'ID00000_3', 'ID00000_4', 'ID00000_5', 'ID00000_6', 'ID00000_7', 'ID00000_8', 'ID00000_9', 'ID00000_10', 'ID00000_11', 'ID00000_12', 'ID00000_13']",4,15,11,990.0,23
ID00023_1,75,['ID00022'],ID00023,1,CyberShake,Terminated,0,100000000000,1,344,1,0,0,14,23,9,35.0,1000.0,4,18.0,"['ID00000_0', 'ID00000_1', 'ID00000_2', 'ID00000_3', 'ID00000_4', 'ID00000_5', 'ID00000_6', 'ID00000_7', 'ID00000_8', 'ID00000_9', 'ID00000_10', 'ID00000_11', 'ID00000_12', 'ID00000_13']",4,12,8,990.0,35
ID00024_0,76,[],ID00024,1,CyberShake,Terminated,0,100000000000,1,96,1,0,0,0,5,5,39.0,1000.0,2,24.0,"['ID00001_0', 'ID00001_1', 'ID00001_2', 'ID00001_3', 'ID00001_4', 'ID00001_5', 'ID00001_6', 'ID00001_7', 'ID00001_8', 'ID00001_9', 'ID00001_10', 'ID00001_11', 'ID00001_12', 'ID00001_13', 'ID00025_0', 'ID00025_1']",0,3,3,979.0,11
ID00024_1,77,[],ID00024,1,CyberShake,Terminated,0,100000000000,1,238,1,0,0,0,6,6,38.0,1000.0,5,27.0,"['ID00001_0', 'ID00001_1', 'ID00001_2', 'ID00001_3', 'ID00001_4', 'ID00001_5', 'ID00001_6', 'ID00001_7', 'ID00001_8', 'ID00001_9', 'ID00001_10', 'ID00001_11', 'ID00001_12', 'ID00001_13', 'ID00025_0', 'ID00025_1']",0,6,6,979.0,8
ID00025_0,78,['ID00024'],ID00025,1,CyberShake,Terminated,0,100000000000,1,481,1,0,0,11,18,7,37.0,1000.0,8,21.0,"['ID00000_0', 'ID00000_1', 'ID00000_2', 'ID00000_3', 'ID00000_4', 'ID00000_5', 'ID00000_6', 'ID00000_7', 'ID00000_8', 'ID00000_9', 'ID00000_10', 'ID00000_11', 'ID00000_12', 'ID00000_13']",3,14,11,990.0,27
ID00025_1,79,['ID00024'],ID00025,1,CyberShake,Terminated,0,100000000000,1,14,1,0,0,24,25,1,43.0,1000.0,0,11.0,"['ID00000_0', 'ID00000_1', 'ID00000_2', 'ID00000_3', 'ID00000_4', 'ID00000_5', 'ID00000_6', 'ID00000_7', 'ID00000_8', 'ID00000_9', 'ID00000_10', 'ID00000_11', 'ID00000_12', 'ID00000_13']",3,4,1,990.0,51
ID00026_0,80,[],ID00026,1,CyberShake,Terminated,0,100000000000,1,88,1,0,0,9,14,5,39.0,1000.0,0,21.0,"['ID00001_0', 'ID00001_1', 'ID00001_2', 'ID00001_3', 'ID00001_4', 'ID00001_5', 'ID00001_6', 'ID00001_7', 'ID00001_8', 'ID00001_9', 'ID00001_10', 'ID00001_11', 'ID00001_12', 'ID00001_13', 'ID00027_0', 'ID00027_1']",0,2,2,981.0,24
ID00026_1,81,[],ID00026,1,CyberShake,Terminated,0,100000000000,1,188,1,0,0,6,9,3,41.0,1000.0,10,24.0,"['ID00001_0', 'ID00001_1', 'ID00001_2', 'ID00001_3', 'ID00001_4', 'ID00001_5', 'ID00001_6', 'ID00001_7', 'ID00001_8', 'ID00001_9', 'ID00001_10', 'ID00001_11', 'ID00001_12', 'ID00001_13', 'ID00027_0', 'ID00027_1']",0,5,5,981.0,17
ID00027_0,82,['ID00026'],ID00027,1,CyberShake,Terminated,0,100000000000,1,420,1,0,0,16,22,6,38.0,1000.0,10,19.0,"['ID00000_0', 'ID00000_1', 'ID00000_2', 'ID00000_3', 'ID00000_4', 'ID00000_5', 'ID00000_6', 'ID00000_7', 'ID00000_8', 'ID00000_9', 'ID00000_10', 'ID00000_11', 'ID00000_12', 'ID00000_13']",2,11,9,990.0,37
ID00027_1,83,['ID00026'],ID00027,1,CyberShake,Terminated,0,100000000000,1,188,1,0,0,14,24,10,34.0,1000.0,0,15.0,"['ID00000_0', 'ID00000_1', 'ID00000_2', 'ID00000_3', 'ID00000_4', 'ID00000_5', 'ID00000_6', 'ID00000_7', 'ID00000_8', 'ID00000_9', 'ID00000_10', 'ID00000_11', 'ID00000_12', 'ID00000_13']",2,7,5,990.0,36
ID00028_0,84,[],ID00028,1,CyberShake,Terminated,0,100000000000,1,89,1,0,0,7,12,5,39.0,1000.0,3,21.0,"['ID00001_0', 'ID00001_1', 'ID00001_2', 'ID00001_3', 'ID00001_4', 'ID00001_5', 'ID00001_6', 'ID00001_7', 'ID00001_8', 'ID00001_9', 'ID00001_10', 'ID00001_11', 'ID00001_12', 'ID00001_13', 'ID00029_0', 'ID00029_1']",0,2,2,981.0,20
ID00028_1,85,[],ID00028,1,CyberShake,Terminated,0,100000000000,1,181,1,0,0,6,11,5,39.0,1000.0,5,23.0,"['ID00001_0', 'ID00001_1', 'ID00001_2', 'ID00001_3', 'ID00001_4', 'ID00001_5', 'ID00001_6', 'ID00001_7', 'ID00001_8', 'ID00001_9', 'ID00001_10', 'ID00001_11', 'ID00001_12', 'ID00001_13', 'ID00029_0', 'ID00029_1']",0,4,4,981.0,18
ID00029_0,86,['ID00028'],ID00029,1,CyberShake,Terminated,0,100000000000,1,253,1,0,0,12,25,13,31.0,1000.0,2,16.0,"['ID00000_0', 'ID00000_1', 'ID00000_2', 'ID00000_3', 'ID00000_4', 'ID00000_5', 'ID00000_6', 'ID00000_7', 'ID00000_8', 'ID00000_9', 'ID00000_10', 'ID00000_11', 'ID00000_12', 'ID00000_13']",2,8,6,990.0,31
ID00029_1,87,['ID00028'],ID00029,1,CyberShake,Terminated,0,100000000000,1,387,1,0,0,12,22,10,34.0,1000.0,5,19.0,"['ID00000_0', 'ID00000_1', 'ID00000_2', 'ID00000_3', 'ID00000_4', 'ID00000_5', 'ID00000_6', 'ID00000_7', 'ID00000_8', 'ID00000_9', 'ID00000_10', 'ID00000_11', 'ID00000_12', 'ID00000_13']",2,11,9,990.0,30
