task_id,Unnamed: 0,parents,job_id,instances_num,task_type,status,start_time,end_time,cpu,memory,duration,submit_time,disk,EST,EFT,MET,LFT,AST,VmId,ru,children,initial_EST,initial_EFT,initial_MET,initial_LFT,rankScore
ID00000_0,0,"['ID00006', 'ID00017', 'ID00027', 'ID00004', 'ID00015', 'ID00025', 'ID00008', 'ID00019', 'ID00029', 'ID00012', 'ID00023', 'ID00010', 'ID00021']",ID00000,1,CyberShake,Terminated,0,100000000000,1,489,1,0,0,28,35,7,43.0,1000.0,10,11.0,[],22,33,11,1000.0,58
ID00000_1,1,"['ID00006', 'ID00017', 'ID00027', 'ID00004', 'ID00015', 'ID00025', 'ID00008', 'ID00019', 'ID00029', 'ID00012', 'ID00023', 'ID00010', 'ID00021']",ID00000,1,CyberShake,Terminated,0,100000000000,1,479,1,0,0,28,34,6,43.0,1000.0,8,11.0,[],22,33,11,1000.0,59
ID00000_2,2,"['ID00006', 'ID00017', 'ID00027', 'ID00004', 'ID00015', 'ID00025', 'ID00008', 'ID00019', 'ID00029', 'ID00012', 'ID00023', 'ID00010', 'ID00021']",ID00000,1,CyberShake,Terminated,0,100000000000,1,14,1,0,0,39,40,1,43.0,1000.0,0,1.0,[],22,23,1,1000.0,78
ID00000_3,3,"['ID00006', 'ID00017', 'ID00027', 'ID00004', 'ID00015', 'ID00025', 'ID00008', 'ID00019', 'ID00029', 'ID00012', 'ID00023', 'ID00010', 'ID00021']",ID00000,1,CyberShake,Terminated,0,100000000000,1,510,1,0,0,28,35,7,43.0,1000.0,9,11.0,[],22,33,11,1000.0,60
ID00000_4,4,"['ID00006', 'ID00017', 'ID00027', 'ID00004', 'ID00015', 'ID00025', 'ID00008', 'ID00019', 'ID00029', 'ID00012', 'ID00023', 'ID00010', 'ID00021']",ID00000,1,CyberShake,Terminated,0,100000000000,1,148,1,0,0,37,41,4,43.0,1000.0,7,4.0,[],22,26,4,1000.0,69
ID00000_5,5,"['ID00006', 'ID00017', 'ID00027', 'ID00004', 'ID00015', 'ID00025', 'ID00008', 'ID00019', 'ID00029', 'ID00012', 'ID00023', 'ID00010', 'ID00021']",ID00000,1,CyberShake,Terminated,0,100000000000,1,213,1,0,0,28,39,11,43.0,1000.0,0,5.0,[],22,27,5,1000.0,63
ID00000_6,6,"['ID00006', 'ID00017', 'ID00027', 'ID00004', 'ID00015', 'ID00025', 'ID00008', 'ID00019', 'ID00029', 'ID00012', 'ID00023', 'ID00010', 'ID00021']",ID00000,1,CyberShake,Terminated,0,100000000000,1,302,1,0,0,34,38,4,43.0,1000.0,11,7.0,[],22,29,7,1000.0,65
ID00000_7,7,"['ID00006', 'ID00017', 'ID00027', 'ID00004', 'ID00015', 'ID00025', 'ID00008', 'ID00019', 'ID00029', 'ID00012', 'ID00023', 'ID00010', 'ID00021']",ID00000,1,CyberShake,Terminated,0,100000000000,1,205,1,0,0,28,39,11,43.0,1000.0,3,5.0,[],22,27,5,1000.0,64
ID00000_8,8,"['ID00006', 'ID00017', 'ID00027', 'ID00004', 'ID00015', 'ID00025', 'ID00008', 'ID00019', 'ID00029', 'ID00012', 'ID00023', 'ID00010', 'ID00021']",ID00000,1,CyberShake,Terminated,0,100000000000,1,89,1,0,0,41,43,2,43.0,1000.0,8,2.0,[],22,24,2,1000.0,81
ID00000_9,9,"['ID00006', 'ID00017', 'ID00027', 'ID00004', 'ID00015', 'ID00025', 'ID00008', 'ID00019', 'ID00029', 'ID00012', 'ID00023', 'ID00010', 'ID00021']",ID00000,1,CyberShake,Terminated,0,100000000000,1,291,1,0,0,34,38,4,43.0,1000.0,8,7.0,[],22,29,7,1000.0,66
ID00000_10,10,"['ID00006', 'ID00017', 'ID00027', 'ID00004', 'ID00015', 'ID00025', 'ID00008', 'ID00019', 'ID00029', 'ID00012', 'ID00023', 'ID00010', 'ID00021']",ID00000,1,CyberShake,Terminated,0,100000000000,1,36,1,0,0,39,41,2,43.0,1000.0,3,1.0,[],22,23,1,1000.0,79
ID00000_11,11,"['ID00006', 'ID00017', 'ID00027', 'ID00004', 'ID00015', 'ID00025', 'ID00008', 'ID00019', 'ID00029', 'ID00012', 'ID00023', 'ID00010', 'ID00021']",ID00000,1,CyberShake,Terminated,0,100000000000,1,307,1,0,0,35,39,4,43.0,1000.0,9,7.0,[],22,29,7,1000.0,67
ID00000_12,12,"['ID00006', 'ID00017', 'ID00027', 'ID00004', 'ID00015', 'ID00025', 'ID00008', 'ID00019', 'ID00029', 'ID00012', 'ID00023', 'ID00010', 'ID00021']",ID00000,1,CyberShake,Terminated,0,100000000000,1,436,1,0,0,28,34,6,43.0,1000.0,11,10.0,[],22,32,10,1000.0,61
ID00000_13,13,"['ID00006', 'ID00017', 'ID00027', 'ID00004', 'ID00015', 'ID00025', 'ID00008', 'ID00019', 'ID00029', 'ID00012', 'ID00023', 'ID00010', 'ID00021']",ID00000,1,CyberShake,Terminated,0,100000000000,1,13,1,0,0,40,41,1,43.0,1000.0,0,1.0,[],22,23,1,1000.0,80
ID00001_0,14,"['ID00028', 'ID00005', 'ID00016', 'ID00026', 'ID00003', 'ID00014', 'ID00009', 'ID00007', 'ID00018', 'ID00020', 'ID00024', 'ID00011', 'ID00022']",ID00001,1,CyberShake,Terminated,0,100000000000,1,314,1,0,0,35,39,4,43.0,1000.0,10,7.0,[],11,18,7,1000.0,68
ID00001_1,15,"['ID00028', 'ID00005', 'ID00016', 'ID00026', 'ID00003', 'ID00014', 'ID00009', 'ID00007', 'ID00018', 'ID00020', 'ID00024', 'ID00011', 'ID00022']",ID00001,1,CyberShake,Terminated,0,100000000000,1,388,1,0,0,27,37,10,43.0,1000.0,7,9.0,[],11,20,9,1000.0,57
ID00001_2,16,"['ID00028', 'ID00005', 'ID00016', 'ID00026', 'ID00003', 'ID00014', 'ID00009', 'ID00007', 'ID00018', 'ID00020', 'ID00024', 'ID00011', 'ID00022']",ID00001,1,CyberShake,Terminated,0,100000000000,1,143,1,0,0,39,41,2,43.0,1000.0,9,4.0,[],11,15,4,1000.0,74
ID00001_3,17,"['ID00028', 'ID00005', 'ID00016', 'ID00026', 'ID00003', 'ID00014', 'ID00009', 'ID00007', 'ID00018', 'ID00020', 'ID00024', 'ID00011', 'ID00022']",ID00001,1,CyberShake,Terminated,0,100000000000,1,155,1,0,0,37,41,4,43.0,1000.0,6,4.0,[],11,15,4,1000.0,70
ID00001_4,18,"['ID00028', 'ID00005', 'ID00016', 'ID00026', 'ID00003', 'ID00014', 'ID00009', 'ID00007', 'ID00018', 'ID00020', 'ID00024', 'ID00011', 'ID00022']",ID00001,1,CyberShake,Terminated,0,100000000000,1,229,1,0,0,26,38,12,43.0,1000.0,2,5.0,[],11,16,5,1000.0,54
ID00001_5,19,"['ID00028', 'ID00005', 'ID00016', 'ID00026', 'ID00003', 'ID00014', 'ID00009', 'ID00007', 'ID00018', 'ID00020', 'ID00024', 'ID00011', 'ID00022']",ID00001,1,CyberShake,Terminated,0,100000000000,1,115,1,0,0,39,41,2,43.0,1000.0,10,3.0,[],11,14,3,1000.0,75
ID00001_6,20,"['ID00028', 'ID00005', 'ID00016', 'ID00026', 'ID00003', 'ID00014', 'ID00009', 'ID00007', 'ID00018', 'ID00020', 'ID00024', 'ID00011', 'ID00022']",ID00001,1,CyberShake,Terminated,0,100000000000,1,449,1,0,0,27,39,12,43.0,1000.0,4,10.0,[],11,21,10,1000.0,55
ID00001_7,21,"['ID00028', 'ID00005', 'ID00016', 'ID00026', 'ID00003', 'ID00014', 'ID00009', 'ID00007', 'ID00018', 'ID00020', 'ID00024', 'ID00011', 'ID00022']",ID00001,1,CyberShake,Terminated,0,100000000000,1,333,1,0,0,28,37,9,43.0,1000.0,6,8.0,[],11,19,8,1000.0,62
ID00001_8,22,"['ID00028', 'ID00005', 'ID00016', 'ID00026', 'ID00003', 'ID00014', 'ID00009', 'ID00007', 'ID00018', 'ID00020', 'ID00024', 'ID00011', 'ID00022']",ID00001,1,CyberShake,Terminated,0,100000000000,1,12,1,0,0,41,42,1,43.0,1000.0,0,1.0,[],11,12,1,1000.0,82
ID00001_9,23,"['ID00028', 'ID00005', 'ID00016', 'ID00026', 'ID00003', 'ID00014', 'ID00009', 'ID00007', 'ID00018', 'ID00020', 'ID00024', 'ID00011', 'ID00022']",ID00001,1,CyberShake,Terminated,0,100000000000,1,163,1,0,0,38,41,3,43.0,1000.0,11,4.0,[],11,15,4,1000.0,72
ID00001_10,24,"['ID00028', 'ID00005', 'ID00016', 'ID00026', 'ID00003', 'ID00014', 'ID00009', 'ID00007', 'ID00018', 'ID00020', 'ID00024', 'ID00011', 'ID00022']",ID00001,1,CyberShake,Terminated,0,100000000000,1,125,1,0,0,39,43,4,43.0,1000.0,5,3.0,[],11,14,3,1000.0,76
ID00001_11,25,"['ID00028', 'ID00005', 'ID00016', 'ID00026', 'ID00003', 'ID00014', 'ID00009', 'ID00007', 'ID00018', 'ID00020', 'ID00024', 'ID00011', 'ID00022']",ID00001,1,CyberShake,Terminated,0,100000000000,1,33,1,0,0,41,42,1,43.0,1000.0,6,1.0,[],11,12,1,1000.0,83
ID00001_12,26,"['ID00028', 'ID00005', 'ID00016', 'ID00026', 'ID00003', 'ID00014', 'ID00009', 'ID00007', 'ID00018', 'ID00020', 'ID00024', 'ID00011', 'ID00022']",ID00001,1,CyberShake,Terminated,0,100000000000,1,301,1,0,0,26,42,16,43.0,1000.0,1,7.0,[],11,18,7,1000.0,53
ID00001_13,27,"['ID00028', 'ID00005', 'ID00016', 'ID00026', 'ID00003', 'ID00014', 'ID00009', 'ID00007', 'ID00018', 'ID00020', 'ID00024', 'ID00011', 'ID00022']",ID00001,1,CyberShake,Terminated,0,100000000000,1,3,1,0,0,41,42,1,43.0,1000.0,3,1.0,[],11,12,1,1000.0,84
ID00002_0,28,[],ID00002,1,CyberShake,Terminated,0,100000000000,1,93,1,0,0,38,43,5,43.0,1000.0,2,2.0,[],0,2,2,1000.0,73
ID00002_1,29,[],ID00002,1,CyberShake,Terminated,0,100000000000,1,442,1,0,0,27,39,12,43.0,1000.0,5,10.0,[],0,10,10,1000.0,56
ID00003_0,30,[],ID00003,1,CyberShake,Terminated,0,100000000000,1,123,1,0,0,0,7,7,36.0,1000.0,1,25.0,"['ID00001_0', 'ID00001_1', 'ID00001_2', 'ID00001_3', 'ID00001_4', 'ID00001_5', 'ID00001_6', 'ID00001_7', 'ID00001_8', 'ID00001_9', 'ID00001_10', 'ID00001_11', 'ID00001_12', 'ID00001_13', 'ID00004_0', 'ID00004_1']",0,3,3,978.0,10
ID00003_1,31,[],ID00003,1,CyberShake,Terminated,0,100000000000,1,314,1,0,0,0,8,8,35.0,1000.0,4,29.0,"['ID00001_0', 'ID00001_1', 'ID00001_2', 'ID00001_3', 'ID00001_4', 'ID00001_5', 'ID00001_6', 'ID00001_7', 'ID00001_8', 'ID00001_9', 'ID00001_10', 'ID00001_11', 'ID00001_12', 'ID00001_13', 'ID00004_0', 'ID00004_1']",0,7,7,978.0,5
ID00004_0,32,['ID00003'],ID00004,1,CyberShake,Terminated,0,100000000000,1,488,1,0,0,11,18,7,36.0,1000.0,8,22.0,"['ID00000_0', 'ID00000_1', 'ID00000_2', 'ID00000_3', 'ID00000_4', 'ID00000_5', 'ID00000_6', 'ID00000_7', 'ID00000_8', 'ID00000_9', 'ID00000_10', 'ID00000_11', 'ID00000_12', 'ID00000_13']",3,14,11,989.0,30
ID00004_1,33,['ID00003'],ID00004,1,CyberShake,Terminated,0,100000000000,1,489,1,0,0,11,18,7,36.0,1000.0,10,22.0,"['ID00000_0', 'ID00000_1', 'ID00000_2', 'ID00000_3', 'ID00000_4', 'ID00000_5', 'ID00000_6', 'ID00000_7', 'ID00000_8', 'ID00000_9', 'ID00000_10', 'ID00000_11', 'ID00000_12', 'ID00000_13']",3,14,11,989.0,31
ID00005_0,34,[],ID00005,1,CyberShake,Terminated,0,100000000000,1,454,1,0,0,0,6,6,37.0,1000.0,9,32.0,"['ID00001_0', 'ID00001_1', 'ID00001_2', 'ID00001_3', 'ID00001_4', 'ID00001_5', 'ID00001_6', 'ID00001_7', 'ID00001_8', 'ID00001_9', 'ID00001_10', 'ID00001_11', 'ID00001_12', 'ID00001_13', 'ID00006_0', 'ID00006_1']",0,10,10,978.0,2
ID00005_1,35,[],ID00005,1,CyberShake,Terminated,0,100000000000,1,388,1,0,0,0,5,5,38.0,1000.0,10,31.0,"['ID00001_0', 'ID00001_1', 'ID00001_2', 'ID00001_3', 'ID00001_4', 'ID00001_5', 'ID00001_6', 'ID00001_7', 'ID00001_8', 'ID00001_9', 'ID00001_10', 'ID00001_11', 'ID00001_12', 'ID00001_13', 'ID00006_0', 'ID00006_1']",0,9,9,978.0,3
ID00006_0,36,['ID00005'],ID00006,1,CyberShake,Terminated,0,100000000000,1,262,1,0,0,24,28,4,39.0,1000.0,8,17.0,"['ID00000_0', 'ID00000_1', 'ID00000_2', 'ID00000_3', 'ID00000_4', 'ID00000_5', 'ID00000_6', 'ID00000_7', 'ID00000_8', 'ID00000_9', 'ID00000_10', 'ID00000_11', 'ID00000_12', 'ID00000_13']",10,16,6,989.0,47
ID00006_1,37,['ID00005'],ID00006,1,CyberShake,Terminated,0,100000000000,1,479,1,0,0,14,20,6,37.0,1000.0,9,22.0,"['ID00000_0', 'ID00000_1', 'ID00000_2', 'ID00000_3', 'ID00000_4', 'ID00000_5', 'ID00000_6', 'ID00000_7', 'ID00000_8', 'ID00000_9', 'ID00000_10', 'ID00000_11', 'ID00000_12', 'ID00000_13']",10,21,11,989.0,37
ID00007_0,38,[],ID00007,1,CyberShake,Terminated,0,100000000000,1,264,1,0,0,0,7,7,36.0,1000.0,7,27.0,"['ID00001_0', 'ID00001_1', 'ID00001_2', 'ID00001_3', 'ID00001_4', 'ID00001_5', 'ID00001_6', 'ID00001_7', 'ID00001_8', 'ID00001_9', 'ID00001_10', 'ID00001_11', 'ID00001_12', 'ID00001_13', 'ID00008_0', 'ID00008_1']",0,6,6,979.0,8
ID00007_1,39,[],ID00007,1,CyberShake,Terminated,0,100000000000,1,143,1,0,0,0,8,8,35.0,1000.0,2,25.0,"['ID00001_0', 'ID00001_1', 'ID00001_2', 'ID00001_3', 'ID00001_4', 'ID00001_5', 'ID00001_6', 'ID00001_7', 'ID00001_8', 'ID00001_9', 'ID00001_10', 'ID00001_11', 'ID00001_12', 'ID00001_13', 'ID00008_0', 'ID00008_1']",0,4,4,979.0,11
ID00008_0,40,['ID00007'],ID00008,1,CyberShake,Terminated,0,100000000000,1,466,1,0,0,18,24,6,37.0,1000.0,8,21.0,"['ID00000_0', 'ID00000_1', 'ID00000_2', 'ID00000_3', 'ID00000_4', 'ID00000_5', 'ID00000_6', 'ID00000_7', 'ID00000_8', 'ID00000_9', 'ID00000_10', 'ID00000_11', 'ID00000_12', 'ID00000_13']",6,16,10,989.0,39
ID00008_1,41,['ID00007'],ID00008,1,CyberShake,Terminated,0,100000000000,1,14,1,0,0,25,26,1,42.0,1000.0,2,12.0,"['ID00000_0', 'ID00000_1', 'ID00000_2', 'ID00000_3', 'ID00000_4', 'ID00000_5', 'ID00000_6', 'ID00000_7', 'ID00000_8', 'ID00000_9', 'ID00000_10', 'ID00000_11', 'ID00000_12', 'ID00000_13']",6,7,1,989.0,50
ID00009_0,42,[],ID00009,1,CyberShake,Terminated,0,100000000000,1,469,1,0,0,0,6,6,37.0,1000.0,8,33.0,"['ID00001_0', 'ID00001_1', 'ID00001_2', 'ID00001_3', 'ID00001_4', 'ID00001_5', 'ID00001_6', 'ID00001_7', 'ID00001_8', 'ID00001_9', 'ID00001_10', 'ID00001_11', 'ID00001_12', 'ID00001_13', 'ID00010_0', 'ID00010_1']",0,11,11,978.0,1
ID00009_1,43,[],ID00009,1,CyberShake,Terminated,0,100000000000,1,155,1,0,0,0,8,8,35.0,1000.0,0,26.0,"['ID00001_0', 'ID00001_1', 'ID00001_2', 'ID00001_3', 'ID00001_4', 'ID00001_5', 'ID00001_6', 'ID00001_7', 'ID00001_8', 'ID00001_9', 'ID00001_10', 'ID00001_11', 'ID00001_12', 'ID00001_13', 'ID00010_0', 'ID00010_1']",0,4,4,978.0,9
ID00010_0,44,['ID00009'],ID00010,1,CyberShake,Terminated,0,100000000000,1,484,1,0,0,13,20,7,36.0,1000.0,11,22.0,"['ID00000_0', 'ID00000_1', 'ID00000_2', 'ID00000_3', 'ID00000_4', 'ID00000_5', 'ID00000_6', 'ID00000_7', 'ID00000_8', 'ID00000_9', 'ID00000_10', 'ID00000_11', 'ID00000_12', 'ID00000_13']",11,22,11,989.0,35
ID00010_1,45,['ID00009'],ID00010,1,CyberShake,Terminated,0,100000000000,1,510,1,0,0,11,24,13,30.0,1000.0,4,22.0,"['ID00000_0', 'ID00000_1', 'ID00000_2', 'ID00000_3', 'ID00000_4', 'ID00000_5', 'ID00000_6', 'ID00000_7', 'ID00000_8', 'ID00000_9', 'ID00000_10', 'ID00000_11', 'ID00000_12', 'ID00000_13']",11,22,11,989.0,32
ID00011_0,46,[],ID00011,1,CyberShake,Terminated,0,100000000000,1,442,1,0,0,5,11,6,37.0,1000.0,10,28.0,"['ID00001_0', 'ID00001_1', 'ID00001_2', 'ID00001_3', 'ID00001_4', 'ID00001_5', 'ID00001_6', 'ID00001_7', 'ID00001_8', 'ID00001_9', 'ID00001_10', 'ID00001_11', 'ID00001_12', 'ID00001_13', 'ID00012_0', 'ID00012_1']",0,10,10,982.0,13
ID00011_1,47,[],ID00011,1,CyberShake,Terminated,0,100000000000,1,229,1,0,0,10,13,3,40.0,1000.0,11,23.0,"['ID00001_0', 'ID00001_1', 'ID00001_2', 'ID00001_3', 'ID00001_4', 'ID00001_5', 'ID00001_6', 'ID00001_7', 'ID00001_8', 'ID00001_9', 'ID00001_10', 'ID00001_11', 'ID00001_12', 'ID00001_13', 'ID00012_0', 'ID00012_1']",0,5,5,982.0,26
ID00012_0,48,['ID00011'],ID00012,1,CyberShake,Terminated,0,100000000000,1,296,1,0,0,20,24,4,39.0,1000.0,11,18.0,"['ID00000_0', 'ID00000_1', 'ID00000_2', 'ID00000_3', 'ID00000_4', 'ID00000_5', 'ID00000_6', 'ID00000_7', 'ID00000_8', 'ID00000_9', 'ID00000_10', 'ID00000_11', 'ID00000_12', 'ID00000_13']",10,17,7,989.0,42
ID00012_1,49,['ID00011'],ID00012,1,CyberShake,Terminated,0,100000000000,1,148,1,0,0,22,26,4,39.0,1000.0,5,15.0,"['ID00000_0', 'ID00000_1', 'ID00000_2', 'ID00000_3', 'ID00000_4', 'ID00000_5', 'ID00000_6', 'ID00000_7', 'ID00000_8', 'ID00000_9', 'ID00000_10', 'ID00000_11', 'ID00000_12', 'ID00000_13']",10,14,4,989.0,43
ID00013_0,50,[],ID00013,1,CyberShake,Terminated,0,100000000000,1,121,1,0,0,39,43,4,43.0,1000.0,4,3.0,[],0,3,3,1000.0,77
ID00013_1,51,[],ID00013,1,CyberShake,Terminated,0,100000000000,1,191,1,0,0,38,41,3,43.0,1000.0,8,5.0,[],0,5,5,1000.0,71
ID00014_0,52,[],ID00014,1,CyberShake,Terminated,0,100000000000,1,41,1,0,0,7,10,3,40.0,1000.0,1,21.0,"['ID00001_0', 'ID00001_1', 'ID00001_2', 'ID00001_3', 'ID00001_4', 'ID00001_5', 'ID00001_6', 'ID00001_7', 'ID00001_8', 'ID00001_9', 'ID00001_10', 'ID00001_11', 'ID00001_12', 'ID00001_13', 'ID00015_0', 'ID00015_1']",0,1,1,980.0,19
ID00014_1,53,[],ID00014,1,CyberShake,Terminated,0,100000000000,1,115,1,0,0,8,11,3,40.0,1000.0,4,23.0,"['ID00001_0', 'ID00001_1', 'ID00001_2', 'ID00001_3', 'ID00001_4', 'ID00001_5', 'ID00001_6', 'ID00001_7', 'ID00001_8', 'ID00001_9', 'ID00001_10', 'ID00001_11', 'ID00001_12', 'ID00001_13', 'ID00015_0', 'ID00015_1']",0,3,3,980.0,20
ID00015_0,54,['ID00014'],ID00015,1,CyberShake,Terminated,0,100000000000,1,387,1,0,0,18,23,5,38.0,1000.0,10,20.0,"['ID00000_0', 'ID00000_1', 'ID00000_2', 'ID00000_3', 'ID00000_4', 'ID00000_5', 'ID00000_6', 'ID00000_7', 'ID00000_8', 'ID00000_9', 'ID00000_10', 'ID00000_11', 'ID00000_12', 'ID00000_13']",1,10,9,989.0,40
ID00015_1,55,['ID00014'],ID00015,1,CyberShake,Terminated,0,100000000000,1,213,1,0,0,16,27,11,32.0,1000.0,0,16.0,"['ID00000_0', 'ID00000_1', 'ID00000_2', 'ID00000_3', 'ID00000_4', 'ID00000_5', 'ID00000_6', 'ID00000_7', 'ID00000_8', 'ID00000_9', 'ID00000_10', 'ID00000_11', 'ID00000_12', 'ID00000_13']",1,6,5,989.0,38
ID00016_0,56,[],ID00016,1,CyberShake,Terminated,0,100000000000,1,375,1,0,0,0,10,10,33.0,1000.0,5,29.0,"['ID00001_0', 'ID00001_1', 'ID00001_2', 'ID00001_3', 'ID00001_4', 'ID00001_5', 'ID00001_6', 'ID00001_7', 'ID00001_8', 'ID00001_9', 'ID00001_10', 'ID00001_11', 'ID00001_12', 'ID00001_13', 'ID00017_0', 'ID00017_1']",0,9,9,980.0,6
ID00016_1,57,[],ID00016,1,CyberShake,Terminated,0,100000000000,1,449,1,0,0,0,6,6,37.0,1000.0,11,30.0,"['ID00001_0', 'ID00001_1', 'ID00001_2', 'ID00001_3', 'ID00001_4', 'ID00001_5', 'ID00001_6', 'ID00001_7', 'ID00001_8', 'ID00001_9', 'ID00001_10', 'ID00001_11', 'ID00001_12', 'ID00001_13', 'ID00017_0', 'ID00017_1']",0,10,10,980.0,4
ID00017_0,58,['ID00016'],ID00017,1,CyberShake,Terminated,0,100000000000,1,388,1,0,0,13,23,10,33.0,1000.0,6,20.0,"['ID00000_0', 'ID00000_1', 'ID00000_2', 'ID00000_3', 'ID00000_4', 'ID00000_5', 'ID00000_6', 'ID00000_7', 'ID00000_8', 'ID00000_9', 'ID00000_10', 'ID00000_11', 'ID00000_12', 'ID00000_13']",9,18,9,989.0,36
ID00017_1,59,['ID00016'],ID00017,1,CyberShake,Terminated,0,100000000000,1,302,1,0,0,10,26,16,27.0,1000.0,3,18.0,"['ID00000_0', 'ID00000_1', 'ID00000_2', 'ID00000_3', 'ID00000_4', 'ID00000_5', 'ID00000_6', 'ID00000_7', 'ID00000_8', 'ID00000_9', 'ID00000_10', 'ID00000_11', 'ID00000_12', 'ID00000_13']",9,16,7,989.0,27
ID00018_0,60,[],ID00018,1,CyberShake,Terminated,0,100000000000,1,132,1,0,0,9,16,7,36.0,1000.0,0,19.0,"['ID00001_0', 'ID00001_1', 'ID00001_2', 'ID00001_3', 'ID00001_4', 'ID00001_5', 'ID00001_6', 'ID00001_7', 'ID00001_8', 'ID00001_9', 'ID00001_10', 'ID00001_11', 'ID00001_12', 'ID00001_13', 'ID00019_0', 'ID00019_1']",0,3,3,984.0,25
ID00018_1,61,[],ID00018,1,CyberShake,Terminated,0,100000000000,1,333,1,0,0,9,14,5,38.0,1000.0,9,24.0,"['ID00001_0', 'ID00001_1', 'ID00001_2', 'ID00001_3', 'ID00001_4', 'ID00001_5', 'ID00001_6', 'ID00001_7', 'ID00001_8', 'ID00001_9', 'ID00001_10', 'ID00001_11', 'ID00001_12', 'ID00001_13', 'ID00019_0', 'ID00019_1']",0,8,8,984.0,24
ID00019_0,62,['ID00018'],ID00019,1,CyberShake,Terminated,0,100000000000,1,36,1,0,0,26,27,1,42.0,1000.0,5,12.0,"['ID00000_0', 'ID00000_1', 'ID00000_2', 'ID00000_3', 'ID00000_4', 'ID00000_5', 'ID00000_6', 'ID00000_7', 'ID00000_8', 'ID00000_9', 'ID00000_10', 'ID00000_11', 'ID00000_12', 'ID00000_13']",3,4,1,989.0,51
ID00019_1,63,['ID00018'],ID00019,1,CyberShake,Terminated,0,100000000000,1,205,1,0,0,24,27,3,40.0,1000.0,11,16.0,"['ID00000_0', 'ID00000_1', 'ID00000_2', 'ID00000_3', 'ID00000_4', 'ID00000_5', 'ID00000_6', 'ID00000_7', 'ID00000_8', 'ID00000_9', 'ID00000_10', 'ID00000_11', 'ID00000_12', 'ID00000_13']",3,8,5,989.0,48
ID00020_0,64,[],ID00020,1,CyberShake,Terminated,0,100000000000,1,71,1,0,0,6,10,4,39.0,1000.0,3,22.0,"['ID00001_0', 'ID00001_1', 'ID00001_2', 'ID00001_3', 'ID00001_4', 'ID00001_5', 'ID00001_6', 'ID00001_7', 'ID00001_8', 'ID00001_9', 'ID00001_10', 'ID00001_11', 'ID00001_12', 'ID00001_13', 'ID00021_0', 'ID00021_1']",0,2,2,980.0,17
ID00020_1,65,[],ID00020,1,CyberShake,Terminated,0,100000000000,1,12,1,0,0,8,9,1,42.0,1000.0,0,21.0,"['ID00001_0', 'ID00001_1', 'ID00001_2', 'ID00001_3', 'ID00001_4', 'ID00001_5', 'ID00001_6', 'ID00001_7', 'ID00001_8', 'ID00001_9', 'ID00001_10', 'ID00001_11', 'ID00001_12', 'ID00001_13', 'ID00021_0', 'ID00021_1']",0,1,1,980.0,22
ID00021_0,66,['ID00020'],ID00021,1,CyberShake,Terminated,0,100000000000,1,401,1,0,0,20,26,6,37.0,1000.0,9,20.0,"['ID00000_0', 'ID00000_1', 'ID00000_2', 'ID00000_3', 'ID00000_4', 'ID00000_5', 'ID00000_6', 'ID00000_7', 'ID00000_8', 'ID00000_9', 'ID00000_10', 'ID00000_11', 'ID00000_12', 'ID00000_13']",2,11,9,989.0,41
ID00021_1,67,['ID00020'],ID00021,1,CyberShake,Terminated,0,100000000000,1,89,1,0,0,24,27,3,40.0,1000.0,4,13.0,"['ID00000_0', 'ID00000_1', 'ID00000_2', 'ID00000_3', 'ID00000_4', 'ID00000_5', 'ID00000_6', 'ID00000_7', 'ID00000_8', 'ID00000_9', 'ID00000_10', 'ID00000_11', 'ID00000_12', 'ID00000_13']",2,4,2,989.0,49
ID00022_0,68,[],ID00022,1,CyberShake,Terminated,0,100000000000,1,393,1,0,0,6,11,5,38.0,1000.0,8,27.0,"['ID00001_0', 'ID00001_1', 'ID00001_2', 'ID00001_3', 'ID00001_4', 'ID00001_5', 'ID00001_6', 'ID00001_7', 'ID00001_8', 'ID00001_9', 'ID00001_10', 'ID00001_11', 'ID00001_12', 'ID00001_13', 'ID00023_0', 'ID00023_1']",0,9,9,982.0,14
ID00022_1,69,[],ID00022,1,CyberShake,Terminated,0,100000000000,1,163,1,0,0,8,13,5,38.0,1000.0,6,22.0,"['ID00001_0', 'ID00001_1', 'ID00001_2', 'ID00001_3', 'ID00001_4', 'ID00001_5', 'ID00001_6', 'ID00001_7', 'ID00001_8', 'ID00001_9', 'ID00001_10', 'ID00001_11', 'ID00001_12', 'ID00001_13', 'ID00023_0', 'ID00023_1']",0,4,4,982.0,21
ID00023_0,70,['ID00022'],ID00023,1,CyberShake,Terminated,0,100000000000,1,171,1,0,0,23,28,5,38.0,1000.0,6,15.0,"['ID00000_0', 'ID00000_1', 'ID00000_2', 'ID00000_3', 'ID00000_4', 'ID00000_5', 'ID00000_6', 'ID00000_7', 'ID00000_8', 'ID00000_9', 'ID00000_10', 'ID00000_11', 'ID00000_12', 'ID00000_13']",9,13,4,989.0,46
ID00023_1,71,['ID00022'],ID00023,1,CyberShake,Terminated,0,100000000000,1,291,1,0,0,23,27,4,39.0,1000.0,10,18.0,"['ID00000_0', 'ID00000_1', 'ID00000_2', 'ID00000_3', 'ID00000_4', 'ID00000_5', 'ID00000_6', 'ID00000_7', 'ID00000_8', 'ID00000_9', 'ID00000_10', 'ID00000_11', 'ID00000_12', 'ID00000_13']",9,16,7,989.0,45
ID00024_0,72,[],ID00024,1,CyberShake,Terminated,0,100000000000,1,120,1,0,0,0,6,6,37.0,1000.0,3,24.0,"['ID00001_0', 'ID00001_1', 'ID00001_2', 'ID00001_3', 'ID00001_4', 'ID00001_5', 'ID00001_6', 'ID00001_7', 'ID00001_8', 'ID00001_9', 'ID00001_10', 'ID00001_11', 'ID00001_12', 'ID00001_13', 'ID00025_0', 'ID00025_1']",0,3,3,979.0,12
ID00024_1,73,[],ID00024,1,CyberShake,Terminated,0,100000000000,1,125,1,0,0,7,11,4,39.0,1000.0,7,24.0,"['ID00001_0', 'ID00001_1', 'ID00001_2', 'ID00001_3', 'ID00001_4', 'ID00001_5', 'ID00001_6', 'ID00001_7', 'ID00001_8', 'ID00001_9', 'ID00001_10', 'ID00001_11', 'ID00001_12', 'ID00001_13', 'ID00025_0', 'ID00025_1']",0,3,3,979.0,18
ID00025_0,74,['ID00024'],ID00025,1,CyberShake,Terminated,0,100000000000,1,430,1,0,0,11,22,11,32.0,1000.0,5,21.0,"['ID00000_0', 'ID00000_1', 'ID00000_2', 'ID00000_3', 'ID00000_4', 'ID00000_5', 'ID00000_6', 'ID00000_7', 'ID00000_8', 'ID00000_9', 'ID00000_10', 'ID00000_11', 'ID00000_12', 'ID00000_13']",3,13,10,989.0,33
ID00025_1,75,['ID00024'],ID00025,1,CyberShake,Terminated,0,100000000000,1,36,1,0,0,26,27,1,42.0,1000.0,9,12.0,"['ID00000_0', 'ID00000_1', 'ID00000_2', 'ID00000_3', 'ID00000_4', 'ID00000_5', 'ID00000_6', 'ID00000_7', 'ID00000_8', 'ID00000_9', 'ID00000_10', 'ID00000_11', 'ID00000_12', 'ID00000_13']",3,4,1,989.0,52
ID00026_0,76,[],ID00026,1,CyberShake,Terminated,0,100000000000,1,314,1,0,0,6,10,4,39.0,1000.0,11,25.0,"['ID00001_0', 'ID00001_1', 'ID00001_2', 'ID00001_3', 'ID00001_4', 'ID00001_5', 'ID00001_6', 'ID00001_7', 'ID00001_8', 'ID00001_9', 'ID00001_10', 'ID00001_11', 'ID00001_12', 'ID00001_13', 'ID00027_0', 'ID00027_1']",0,7,7,982.0,16
ID00026_1,77,[],ID00026,1,CyberShake,Terminated,0,100000000000,1,33,1,0,0,8,10,2,41.0,1000.0,2,19.0,"['ID00001_0', 'ID00001_1', 'ID00001_2', 'ID00001_3', 'ID00001_4', 'ID00001_5', 'ID00001_6', 'ID00001_7', 'ID00001_8', 'ID00001_9', 'ID00001_10', 'ID00001_11', 'ID00001_12', 'ID00001_13', 'ID00027_0', 'ID00027_1']",0,1,1,982.0,23
ID00027_0,78,['ID00026'],ID00027,1,CyberShake,Terminated,0,100000000000,1,164,1,0,0,22,27,5,38.0,1000.0,7,15.0,"['ID00000_0', 'ID00000_1', 'ID00000_2', 'ID00000_3', 'ID00000_4', 'ID00000_5', 'ID00000_6', 'ID00000_7', 'ID00000_8', 'ID00000_9', 'ID00000_10', 'ID00000_11', 'ID00000_12', 'ID00000_13']",7,11,4,989.0,44
ID00027_1,79,['ID00026'],ID00027,1,CyberShake,Terminated,0,100000000000,1,307,1,0,0,10,26,16,27.0,1000.0,1,18.0,"['ID00000_0', 'ID00000_1', 'ID00000_2', 'ID00000_3', 'ID00000_4', 'ID00000_5', 'ID00000_6', 'ID00000_7', 'ID00000_8', 'ID00000_9', 'ID00000_10', 'ID00000_11', 'ID00000_12', 'ID00000_13']",7,14,7,989.0,28
ID00028_0,80,[],ID00028,1,CyberShake,Terminated,0,100000000000,1,191,1,0,0,6,9,3,40.0,1000.0,9,26.0,"['ID00001_0', 'ID00001_1', 'ID00001_2', 'ID00001_3', 'ID00001_4', 'ID00001_5', 'ID00001_6', 'ID00001_7', 'ID00001_8', 'ID00001_9', 'ID00001_10', 'ID00001_11', 'ID00001_12', 'ID00001_13', 'ID00029_0', 'ID00029_1']",0,5,5,979.0,15
ID00028_1,81,[],ID00028,1,CyberShake,Terminated,0,100000000000,1,301,1,0,0,0,8,8,35.0,1000.0,6,28.0,"['ID00001_0', 'ID00001_1', 'ID00001_2', 'ID00001_3', 'ID00001_4', 'ID00001_5', 'ID00001_6', 'ID00001_7', 'ID00001_8', 'ID00001_9', 'ID00001_10', 'ID00001_11', 'ID00001_12', 'ID00001_13', 'ID00029_0', 'ID00029_1']",0,7,7,979.0,7
ID00029_0,82,['ID00028'],ID00029,1,CyberShake,Terminated,0,100000000000,1,282,1,0,0,10,25,15,28.0,1000.0,2,18.0,"['ID00000_0', 'ID00000_1', 'ID00000_2', 'ID00000_3', 'ID00000_4', 'ID00000_5', 'ID00000_6', 'ID00000_7', 'ID00000_8', 'ID00000_9', 'ID00000_10', 'ID00000_11', 'ID00000_12', 'ID00000_13']",5,12,7,989.0,29
ID00029_1,83,['ID00028'],ID00029,1,CyberShake,Terminated,0,100000000000,1,436,1,0,0,11,22,11,32.0,1000.0,7,21.0,"['ID00000_0', 'ID00000_1', 'ID00000_2', 'ID00000_3', 'ID00000_4', 'ID00000_5', 'ID00000_6', 'ID00000_7', 'ID00000_8', 'ID00000_9', 'ID00000_10', 'ID00000_11', 'ID00000_12', 'ID00000_13']",5,15,10,989.0,34
