task_id,Unnamed: 0,parents,job_id,instances_num,task_type,status,start_time,end_time,cpu,memory,duration,submit_time,disk,EST,EFT,MET,LFT,AST,VmId,ru,children,initial_EST,initial_EFT,initial_MET,initial_LFT,rankScore
ID00000_0,0,"['ID00006', 'ID00017', 'ID00027', 'ID00004', 'ID00015', 'ID00025', 'ID00008', 'ID00019', 'ID00029', 'ID00012', 'ID00023', 'ID00010', 'ID00021']",ID00000,1,CyberShake,Terminated,0,100000000000,1,28,1,0,0,44,45,1,46.0,1000.0,6,1.0,[],16,17,1,1000.0,90
ID00000_1,1,"['ID00006', 'ID00017', 'ID00027', 'ID00004', 'ID00015', 'ID00025', 'ID00008', 'ID00019', 'ID00029', 'ID00012', 'ID00023', 'ID00010', 'ID00021']",ID00000,1,CyberShake,Terminated,0,100000000000,1,164,1,0,0,41,44,3,46.0,1000.0,10,4.0,[],16,20,4,1000.0,80
ID00000_2,2,"['ID00006', 'ID00017', 'ID00027', 'ID00004', 'ID00015', 'ID00025', 'ID00008', 'ID00019', 'ID00029', 'ID00012', 'ID00023', 'ID00010', 'ID00021']",ID00000,1,CyberShake,Terminated,0,100000000000,1,204,1,0,0,36,42,6,46.0,1000.0,5,5.0,[],16,21,5,1000.0,72
ID00000_3,3,"['ID00006', 'ID00017', 'ID00027', 'ID00004', 'ID00015', 'ID00025', 'ID00008', 'ID00019', 'ID00029', 'ID00012', 'ID00023', 'ID00010', 'ID00021']",ID00000,1,CyberShake,Terminated,0,100000000000,1,418,1,0,0,25,36,11,46.0,1000.0,6,9.0,[],16,25,9,1000.0,62
ID00000_4,4,"['ID00006', 'ID00017', 'ID00027', 'ID00004', 'ID00015', 'ID00025', 'ID00008', 'ID00019', 'ID00029', 'ID00012', 'ID00023', 'ID00010', 'ID00021']",ID00000,1,CyberShake,Terminated,0,100000000000,1,280,1,0,0,37,41,4,46.0,1000.0,8,6.0,[],16,22,6,1000.0,76
ID00000_5,5,"['ID00006', 'ID00017', 'ID00027', 'ID00004', 'ID00015', 'ID00025', 'ID00008', 'ID00019', 'ID00029', 'ID00012', 'ID00023', 'ID00010', 'ID00021']",ID00000,1,CyberShake,Terminated,0,100000000000,1,77,1,0,0,42,44,2,46.0,1000.0,6,2.0,[],16,18,2,1000.0,88
ID00000_6,6,"['ID00006', 'ID00017', 'ID00027', 'ID00004', 'ID00015', 'ID00025', 'ID00008', 'ID00019', 'ID00029', 'ID00012', 'ID00023', 'ID00010', 'ID00021']",ID00000,1,CyberShake,Terminated,0,100000000000,1,23,1,0,0,42,44,2,46.0,1000.0,0,1.0,[],16,17,1,1000.0,89
ID00000_7,7,"['ID00006', 'ID00017', 'ID00027', 'ID00004', 'ID00015', 'ID00025', 'ID00008', 'ID00019', 'ID00029', 'ID00012', 'ID00023', 'ID00010', 'ID00021']",ID00000,1,CyberShake,Terminated,0,100000000000,1,180,1,0,0,41,44,3,46.0,1000.0,11,4.0,[],16,20,4,1000.0,81
ID00000_8,8,"['ID00006', 'ID00017', 'ID00027', 'ID00004', 'ID00015', 'ID00025', 'ID00008', 'ID00019', 'ID00029', 'ID00012', 'ID00023', 'ID00010', 'ID00021']",ID00000,1,CyberShake,Terminated,0,100000000000,1,362,1,0,0,32,37,5,46.0,1000.0,8,8.0,[],16,24,8,1000.0,68
ID00000_9,9,"['ID00006', 'ID00017', 'ID00027', 'ID00004', 'ID00015', 'ID00025', 'ID00008', 'ID00019', 'ID00029', 'ID00012', 'ID00023', 'ID00010', 'ID00021']",ID00000,1,CyberShake,Terminated,0,100000000000,1,389,1,0,0,31,36,5,46.0,1000.0,10,9.0,[],16,25,9,1000.0,66
ID00000_10,10,"['ID00006', 'ID00017', 'ID00027', 'ID00004', 'ID00015', 'ID00025', 'ID00008', 'ID00019', 'ID00029', 'ID00012', 'ID00023', 'ID00010', 'ID00021']",ID00000,1,CyberShake,Terminated,0,100000000000,1,331,1,0,0,36,41,5,46.0,1000.0,9,8.0,[],16,24,8,1000.0,69
ID00000_11,11,"['ID00006', 'ID00017', 'ID00027', 'ID00004', 'ID00015', 'ID00025', 'ID00008', 'ID00019', 'ID00029', 'ID00012', 'ID00023', 'ID00010', 'ID00021']",ID00000,1,CyberShake,Terminated,0,100000000000,1,436,1,0,0,25,36,11,46.0,1000.0,4,10.0,[],16,26,10,1000.0,60
ID00000_12,12,"['ID00006', 'ID00017', 'ID00027', 'ID00004', 'ID00015', 'ID00025', 'ID00008', 'ID00019', 'ID00029', 'ID00012', 'ID00023', 'ID00010', 'ID00021']",ID00000,1,CyberShake,Terminated,0,100000000000,1,492,1,0,0,25,32,7,46.0,1000.0,8,11.0,[],16,27,11,1000.0,58
ID00000_13,13,"['ID00006', 'ID00017', 'ID00027', 'ID00004', 'ID00015', 'ID00025', 'ID00008', 'ID00019', 'ID00029', 'ID00012', 'ID00023', 'ID00010', 'ID00021']",ID00000,1,CyberShake,Terminated,0,100000000000,1,12,1,0,0,41,42,1,46.0,1000.0,0,1.0,[],16,17,1,1000.0,85
ID00001_0,14,"['ID00028', 'ID00005', 'ID00016', 'ID00026', 'ID00003', 'ID00014', 'ID00009', 'ID00007', 'ID00018', 'ID00020', 'ID00024', 'ID00011', 'ID00022']",ID00001,1,CyberShake,Terminated,0,100000000000,1,173,1,0,0,41,44,3,46.0,1000.0,9,4.0,[],11,15,4,1000.0,82
ID00001_1,15,"['ID00028', 'ID00005', 'ID00016', 'ID00026', 'ID00003', 'ID00014', 'ID00009', 'ID00007', 'ID00018', 'ID00020', 'ID00024', 'ID00011', 'ID00022']",ID00001,1,CyberShake,Terminated,0,100000000000,1,175,1,0,0,41,44,3,46.0,1000.0,8,4.0,[],11,15,4,1000.0,83
ID00001_2,16,"['ID00028', 'ID00005', 'ID00016', 'ID00026', 'ID00003', 'ID00014', 'ID00009', 'ID00007', 'ID00018', 'ID00020', 'ID00024', 'ID00011', 'ID00022']",ID00001,1,CyberShake,Terminated,0,100000000000,1,428,1,0,0,25,36,11,46.0,1000.0,5,10.0,[],11,21,10,1000.0,61
ID00001_3,17,"['ID00028', 'ID00005', 'ID00016', 'ID00026', 'ID00003', 'ID00014', 'ID00009', 'ID00007', 'ID00018', 'ID00020', 'ID00024', 'ID00011', 'ID00022']",ID00001,1,CyberShake,Terminated,0,100000000000,1,491,1,0,0,24,31,7,46.0,1000.0,11,11.0,[],11,22,11,1000.0,53
ID00001_4,18,"['ID00028', 'ID00005', 'ID00016', 'ID00026', 'ID00003', 'ID00014', 'ID00009', 'ID00007', 'ID00018', 'ID00020', 'ID00024', 'ID00011', 'ID00022']",ID00001,1,CyberShake,Terminated,0,100000000000,1,336,1,0,0,31,36,5,46.0,1000.0,11,8.0,[],11,19,8,1000.0,67
ID00001_5,19,"['ID00028', 'ID00005', 'ID00016', 'ID00026', 'ID00003', 'ID00014', 'ID00009', 'ID00007', 'ID00018', 'ID00020', 'ID00024', 'ID00011', 'ID00022']",ID00001,1,CyberShake,Terminated,0,100000000000,1,96,1,0,0,40,45,5,46.0,1000.0,1,3.0,[],11,14,3,1000.0,79
ID00001_6,20,"['ID00028', 'ID00005', 'ID00016', 'ID00026', 'ID00003', 'ID00014', 'ID00009', 'ID00007', 'ID00018', 'ID00020', 'ID00024', 'ID00011', 'ID00022']",ID00001,1,CyberShake,Terminated,0,100000000000,1,106,1,0,0,39,45,6,46.0,1000.0,2,3.0,[],11,14,3,1000.0,77
ID00001_7,21,"['ID00028', 'ID00005', 'ID00016', 'ID00026', 'ID00003', 'ID00014', 'ID00009', 'ID00007', 'ID00018', 'ID00020', 'ID00024', 'ID00011', 'ID00022']",ID00001,1,CyberShake,Terminated,0,100000000000,1,463,1,0,0,24,36,12,46.0,1000.0,7,10.0,[],11,21,10,1000.0,55
ID00001_8,22,"['ID00028', 'ID00005', 'ID00016', 'ID00026', 'ID00003', 'ID00014', 'ID00009', 'ID00007', 'ID00018', 'ID00020', 'ID00024', 'ID00011', 'ID00022']",ID00001,1,CyberShake,Terminated,0,100000000000,1,471,1,0,0,24,30,6,46.0,1000.0,9,11.0,[],11,22,11,1000.0,54
ID00001_9,23,"['ID00028', 'ID00005', 'ID00016', 'ID00026', 'ID00003', 'ID00014', 'ID00009', 'ID00007', 'ID00018', 'ID00020', 'ID00024', 'ID00011', 'ID00022']",ID00001,1,CyberShake,Terminated,0,100000000000,1,203,1,0,0,36,42,6,46.0,1000.0,4,5.0,[],11,16,5,1000.0,73
ID00001_10,24,"['ID00028', 'ID00005', 'ID00016', 'ID00026', 'ID00003', 'ID00014', 'ID00009', 'ID00007', 'ID00018', 'ID00020', 'ID00024', 'ID00011', 'ID00022']",ID00001,1,CyberShake,Terminated,0,100000000000,1,351,1,0,0,36,41,5,46.0,1000.0,11,8.0,[],11,19,8,1000.0,70
ID00001_11,25,"['ID00028', 'ID00005', 'ID00016', 'ID00026', 'ID00003', 'ID00014', 'ID00009', 'ID00007', 'ID00018', 'ID00020', 'ID00024', 'ID00011', 'ID00022']",ID00001,1,CyberShake,Terminated,0,100000000000,1,118,1,0,0,39,45,6,46.0,1000.0,3,3.0,[],11,14,3,1000.0,78
ID00001_12,26,"['ID00028', 'ID00005', 'ID00016', 'ID00026', 'ID00003', 'ID00014', 'ID00009', 'ID00007', 'ID00018', 'ID00020', 'ID00024', 'ID00011', 'ID00022']",ID00001,1,CyberShake,Terminated,0,100000000000,1,117,1,0,0,42,45,3,46.0,1000.0,4,3.0,[],11,14,3,1000.0,86
ID00001_13,27,"['ID00028', 'ID00005', 'ID00016', 'ID00026', 'ID00003', 'ID00014', 'ID00009', 'ID00007', 'ID00018', 'ID00020', 'ID00024', 'ID00011', 'ID00022']",ID00001,1,CyberShake,Terminated,0,100000000000,1,2,1,0,0,44,45,1,46.0,1000.0,0,1.0,[],11,12,1,1000.0,91
ID00002_0,28,[],ID00002,1,CyberShake,Terminated,0,100000000000,1,120,1,0,0,42,45,3,46.0,1000.0,5,3.0,[],0,3,3,1000.0,87
ID00002_1,29,[],ID00002,1,CyberShake,Terminated,0,100000000000,1,290,1,0,0,25,40,15,46.0,1000.0,1,7.0,[],0,7,7,1000.0,63
ID00002_2,30,[],ID00002,1,CyberShake,Terminated,0,100000000000,1,209,1,0,0,36,42,6,46.0,1000.0,6,5.0,[],0,5,5,1000.0,74
ID00002_3,31,[],ID00002,1,CyberShake,Terminated,0,100000000000,1,342,1,0,0,36,41,5,46.0,1000.0,10,8.0,[],0,8,8,1000.0,71
ID00002_4,32,[],ID00002,1,CyberShake,Terminated,0,100000000000,1,473,1,0,0,25,31,6,46.0,1000.0,10,11.0,[],0,11,11,1000.0,59
ID00002_5,33,[],ID00002,1,CyberShake,Terminated,0,100000000000,1,169,1,0,0,41,46,5,46.0,1000.0,7,4.0,[],0,4,4,1000.0,84
ID00003_0,34,[],ID00003,1,CyberShake,Terminated,0,100000000000,1,268,1,0,0,12,19,7,39.0,1000.0,6,18.0,"['ID00001_0', 'ID00001_1', 'ID00001_2', 'ID00001_3', 'ID00001_4', 'ID00001_5', 'ID00001_6', 'ID00001_7', 'ID00001_8', 'ID00001_9', 'ID00001_10', 'ID00001_11', 'ID00001_12', 'ID00001_13', 'ID00004_0', 'ID00004_1']",0,6,6,988.0,28
ID00003_1,35,[],ID00003,1,CyberShake,Terminated,0,100000000000,1,173,1,0,0,15,24,9,37.0,1000.0,2,16.0,"['ID00001_0', 'ID00001_1', 'ID00001_2', 'ID00001_3', 'ID00001_4', 'ID00001_5', 'ID00001_6', 'ID00001_7', 'ID00001_8', 'ID00001_9', 'ID00001_10', 'ID00001_11', 'ID00001_12', 'ID00001_13', 'ID00004_0', 'ID00004_1']",0,4,4,988.0,32
ID00004_0,36,['ID00003'],ID00004,1,CyberShake,Terminated,0,100000000000,1,21,1,0,0,24,25,1,45.0,1000.0,4,12.0,"['ID00000_0', 'ID00000_1', 'ID00000_2', 'ID00000_3', 'ID00000_4', 'ID00000_5', 'ID00000_6', 'ID00000_7', 'ID00000_8', 'ID00000_9', 'ID00000_10', 'ID00000_11', 'ID00000_12', 'ID00000_13']",6,7,1,989.0,50
ID00004_1,37,['ID00003'],ID00004,1,CyberShake,Terminated,0,100000000000,1,28,1,0,0,24,25,1,45.0,1000.0,5,12.0,"['ID00000_0', 'ID00000_1', 'ID00000_2', 'ID00000_3', 'ID00000_4', 'ID00000_5', 'ID00000_6', 'ID00000_7', 'ID00000_8', 'ID00000_9', 'ID00000_10', 'ID00000_11', 'ID00000_12', 'ID00000_13']",6,7,1,989.0,51
ID00005_0,38,[],ID00005,1,CyberShake,Terminated,0,100000000000,1,289,1,0,0,0,15,15,31.0,1000.0,2,22.0,"['ID00001_0', 'ID00001_1', 'ID00001_2', 'ID00001_3', 'ID00001_4', 'ID00001_5', 'ID00001_6', 'ID00001_7', 'ID00001_8', 'ID00001_9', 'ID00001_10', 'ID00001_11', 'ID00001_12', 'ID00001_13', 'ID00006_0', 'ID00006_1']",0,7,7,985.0,11
ID00005_1,39,[],ID00005,1,CyberShake,Terminated,0,100000000000,1,175,1,0,0,6,15,9,37.0,1000.0,1,19.0,"['ID00001_0', 'ID00001_1', 'ID00001_2', 'ID00001_3', 'ID00001_4', 'ID00001_5', 'ID00001_6', 'ID00001_7', 'ID00001_8', 'ID00001_9', 'ID00001_10', 'ID00001_11', 'ID00001_12', 'ID00001_13', 'ID00006_0', 'ID00006_1']",0,4,4,985.0,17
ID00006_0,40,['ID00005'],ID00006,1,CyberShake,Terminated,0,100000000000,1,114,1,0,0,21,24,3,43.0,1000.0,7,14.0,"['ID00000_0', 'ID00000_1', 'ID00000_2', 'ID00000_3', 'ID00000_4', 'ID00000_5', 'ID00000_6', 'ID00000_7', 'ID00000_8', 'ID00000_9', 'ID00000_10', 'ID00000_11', 'ID00000_12', 'ID00000_13']",7,10,3,989.0,45
ID00006_1,41,['ID00005'],ID00006,1,CyberShake,Terminated,0,100000000000,1,164,1,0,0,21,24,3,43.0,1000.0,11,15.0,"['ID00000_0', 'ID00000_1', 'ID00000_2', 'ID00000_3', 'ID00000_4', 'ID00000_5', 'ID00000_6', 'ID00000_7', 'ID00000_8', 'ID00000_9', 'ID00000_10', 'ID00000_11', 'ID00000_12', 'ID00000_13']",7,11,4,989.0,44
ID00007_0,42,[],ID00007,1,CyberShake,Terminated,0,100000000000,1,90,1,0,0,7,12,5,41.0,1000.0,3,18.0,"['ID00001_0', 'ID00001_1', 'ID00001_2', 'ID00001_3', 'ID00001_4', 'ID00001_5', 'ID00001_6', 'ID00001_7', 'ID00001_8', 'ID00001_9', 'ID00001_10', 'ID00001_11', 'ID00001_12', 'ID00001_13', 'ID00008_0', 'ID00008_1']",0,2,2,984.0,20
ID00007_1,43,[],ID00007,1,CyberShake,Terminated,0,100000000000,1,428,1,0,0,0,11,11,35.0,1000.0,7,26.0,"['ID00001_0', 'ID00001_1', 'ID00001_2', 'ID00001_3', 'ID00001_4', 'ID00001_5', 'ID00001_6', 'ID00001_7', 'ID00001_8', 'ID00001_9', 'ID00001_10', 'ID00001_11', 'ID00001_12', 'ID00001_13', 'ID00008_0', 'ID00008_1']",0,10,10,984.0,7
ID00008_0,44,['ID00007'],ID00008,1,CyberShake,Terminated,0,100000000000,1,161,1,0,0,22,25,3,43.0,1000.0,10,15.0,"['ID00000_0', 'ID00000_1', 'ID00000_2', 'ID00000_3', 'ID00000_4', 'ID00000_5', 'ID00000_6', 'ID00000_7', 'ID00000_8', 'ID00000_9', 'ID00000_10', 'ID00000_11', 'ID00000_12', 'ID00000_13']",2,6,4,989.0,46
ID00008_1,45,['ID00007'],ID00008,1,CyberShake,Terminated,0,100000000000,1,204,1,0,0,12,23,11,35.0,1000.0,3,16.0,"['ID00000_0', 'ID00000_1', 'ID00000_2', 'ID00000_3', 'ID00000_4', 'ID00000_5', 'ID00000_6', 'ID00000_7', 'ID00000_8', 'ID00000_9', 'ID00000_10', 'ID00000_11', 'ID00000_12', 'ID00000_13']",2,7,5,989.0,29
ID00009_0,46,[],ID00009,1,CyberShake,Terminated,0,100000000000,1,264,1,0,0,0,7,7,39.0,1000.0,6,26.0,"['ID00001_0', 'ID00001_1', 'ID00001_2', 'ID00001_3', 'ID00001_4', 'ID00001_5', 'ID00001_6', 'ID00001_7', 'ID00001_8', 'ID00001_9', 'ID00001_10', 'ID00001_11', 'ID00001_12', 'ID00001_13', 'ID00010_0', 'ID00010_1']",0,6,6,980.0,8
ID00009_1,47,[],ID00009,1,CyberShake,Terminated,0,100000000000,1,491,1,0,0,0,7,7,39.0,1000.0,9,31.0,"['ID00001_0', 'ID00001_1', 'ID00001_2', 'ID00001_3', 'ID00001_4', 'ID00001_5', 'ID00001_6', 'ID00001_7', 'ID00001_8', 'ID00001_9', 'ID00001_10', 'ID00001_11', 'ID00001_12', 'ID00001_13', 'ID00010_0', 'ID00010_1']",0,11,11,980.0,2
ID00010_0,48,['ID00009'],ID00010,1,CyberShake,Terminated,0,100000000000,1,85,1,0,0,20,25,5,41.0,1000.0,1,13.0,"['ID00000_0', 'ID00000_1', 'ID00000_2', 'ID00000_3', 'ID00000_4', 'ID00000_5', 'ID00000_6', 'ID00000_7', 'ID00000_8', 'ID00000_9', 'ID00000_10', 'ID00000_11', 'ID00000_12', 'ID00000_13']",6,8,2,989.0,42
ID00010_1,49,['ID00009'],ID00010,1,CyberShake,Terminated,0,100000000000,1,418,1,0,0,14,20,6,40.0,1000.0,9,20.0,"['ID00000_0', 'ID00000_1', 'ID00000_2', 'ID00000_3', 'ID00000_4', 'ID00000_5', 'ID00000_6', 'ID00000_7', 'ID00000_8', 'ID00000_9', 'ID00000_10', 'ID00000_11', 'ID00000_12', 'ID00000_13']",6,15,9,989.0,30
ID00011_0,50,[],ID00011,1,CyberShake,Terminated,0,100000000000,1,169,1,0,0,7,12,5,41.0,1000.0,6,21.0,"['ID00001_0', 'ID00001_1', 'ID00001_2', 'ID00001_3', 'ID00001_4', 'ID00001_5', 'ID00001_6', 'ID00001_7', 'ID00001_8', 'ID00001_9', 'ID00001_10', 'ID00001_11', 'ID00001_12', 'ID00001_13', 'ID00012_0', 'ID00012_1']",0,4,4,983.0,19
ID00011_1,51,[],ID00011,1,CyberShake,Terminated,0,100000000000,1,336,1,0,0,6,11,5,41.0,1000.0,11,25.0,"['ID00001_0', 'ID00001_1', 'ID00001_2', 'ID00001_3', 'ID00001_4', 'ID00001_5', 'ID00001_6', 'ID00001_7', 'ID00001_8', 'ID00001_9', 'ID00001_10', 'ID00001_11', 'ID00001_12', 'ID00001_13', 'ID00012_0', 'ID00012_1']",0,8,8,983.0,13
ID00012_0,52,['ID00011'],ID00012,1,CyberShake,Terminated,0,100000000000,1,227,1,0,0,20,23,3,43.0,1000.0,8,16.0,"['ID00000_0', 'ID00000_1', 'ID00000_2', 'ID00000_3', 'ID00000_4', 'ID00000_5', 'ID00000_6', 'ID00000_7', 'ID00000_8', 'ID00000_9', 'ID00000_10', 'ID00000_11', 'ID00000_12', 'ID00000_13']",4,9,5,989.0,40
ID00012_1,53,['ID00011'],ID00012,1,CyberShake,Terminated,0,100000000000,1,280,1,0,0,16,20,4,42.0,1000.0,8,17.0,"['ID00000_0', 'ID00000_1', 'ID00000_2', 'ID00000_3', 'ID00000_4', 'ID00000_5', 'ID00000_6', 'ID00000_7', 'ID00000_8', 'ID00000_9', 'ID00000_10', 'ID00000_11', 'ID00000_12', 'ID00000_13']",4,10,6,989.0,34
ID00013_0,54,[],ID00013,1,CyberShake,Terminated,0,100000000000,1,295,1,0,0,24,39,15,46.0,1000.0,2,7.0,[],0,7,7,1000.0,57
ID00013_1,55,[],ID00013,1,CyberShake,Terminated,0,100000000000,1,196,1,0,0,36,41,5,46.0,1000.0,7,5.0,[],0,5,5,1000.0,75
ID00013_2,56,[],ID00013,1,CyberShake,Terminated,0,100000000000,1,278,1,0,0,25,39,14,46.0,1000.0,3,6.0,[],0,6,6,1000.0,64
ID00013_3,57,[],ID00013,1,CyberShake,Terminated,0,100000000000,1,331,1,0,0,24,41,17,46.0,1000.0,0,8.0,[],0,8,8,1000.0,56
ID00013_4,58,[],ID00013,1,CyberShake,Terminated,0,100000000000,1,464,1,0,0,30,36,6,46.0,1000.0,9,10.0,[],0,10,10,1000.0,65
ID00014_0,59,[],ID00014,1,CyberShake,Terminated,0,100000000000,1,505,1,0,0,9,16,7,39.0,1000.0,8,24.0,"['ID00001_0', 'ID00001_1', 'ID00001_2', 'ID00001_3', 'ID00001_4', 'ID00001_5', 'ID00001_6', 'ID00001_7', 'ID00001_8', 'ID00001_9', 'ID00001_10', 'ID00001_11', 'ID00001_12', 'ID00001_13', 'ID00015_0', 'ID00015_1']",0,11,11,987.0,22
ID00014_1,60,[],ID00014,1,CyberShake,Terminated,0,100000000000,1,96,1,0,0,15,20,5,41.0,1000.0,1,16.0,"['ID00001_0', 'ID00001_1', 'ID00001_2', 'ID00001_3', 'ID00001_4', 'ID00001_5', 'ID00001_6', 'ID00001_7', 'ID00001_8', 'ID00001_9', 'ID00001_10', 'ID00001_11', 'ID00001_12', 'ID00001_13', 'ID00015_0', 'ID00015_1']",0,3,3,987.0,33
ID00015_0,61,['ID00014'],ID00015,1,CyberShake,Terminated,0,100000000000,1,21,1,0,0,23,25,2,44.0,1000.0,3,12.0,"['ID00000_0', 'ID00000_1', 'ID00000_2', 'ID00000_3', 'ID00000_4', 'ID00000_5', 'ID00000_6', 'ID00000_7', 'ID00000_8', 'ID00000_9', 'ID00000_10', 'ID00000_11', 'ID00000_12', 'ID00000_13']",11,12,1,989.0,48
ID00015_1,62,['ID00014'],ID00015,1,CyberShake,Terminated,0,100000000000,1,77,1,0,0,23,24,1,45.0,1000.0,8,13.0,"['ID00000_0', 'ID00000_1', 'ID00000_2', 'ID00000_3', 'ID00000_4', 'ID00000_5', 'ID00000_6', 'ID00000_7', 'ID00000_8', 'ID00000_9', 'ID00000_10', 'ID00000_11', 'ID00000_12', 'ID00000_13']",11,13,2,989.0,47
ID00016_0,63,[],ID00016,1,CyberShake,Terminated,0,100000000000,1,504,1,0,0,7,14,7,39.0,1000.0,9,24.0,"['ID00001_0', 'ID00001_1', 'ID00001_2', 'ID00001_3', 'ID00001_4', 'ID00001_5', 'ID00001_6', 'ID00001_7', 'ID00001_8', 'ID00001_9', 'ID00001_10', 'ID00001_11', 'ID00001_12', 'ID00001_13', 'ID00017_0', 'ID00017_1']",0,11,11,987.0,18
ID00016_1,64,[],ID00016,1,CyberShake,Terminated,0,100000000000,1,106,1,0,0,14,20,6,40.0,1000.0,0,16.0,"['ID00001_0', 'ID00001_1', 'ID00001_2', 'ID00001_3', 'ID00001_4', 'ID00001_5', 'ID00001_6', 'ID00001_7', 'ID00001_8', 'ID00001_9', 'ID00001_10', 'ID00001_11', 'ID00001_12', 'ID00001_13', 'ID00017_0', 'ID00017_1']",0,3,3,987.0,31
ID00017_0,65,['ID00016'],ID00017,1,CyberShake,Terminated,0,100000000000,1,64,1,0,0,20,24,4,42.0,1000.0,0,13.0,"['ID00000_0', 'ID00000_1', 'ID00000_2', 'ID00000_3', 'ID00000_4', 'ID00000_5', 'ID00000_6', 'ID00000_7', 'ID00000_8', 'ID00000_9', 'ID00000_10', 'ID00000_11', 'ID00000_12', 'ID00000_13']",11,13,2,989.0,43
ID00017_1,66,['ID00016'],ID00017,1,CyberShake,Terminated,0,100000000000,1,23,1,0,0,23,24,1,45.0,1000.0,9,12.0,"['ID00000_0', 'ID00000_1', 'ID00000_2', 'ID00000_3', 'ID00000_4', 'ID00000_5', 'ID00000_6', 'ID00000_7', 'ID00000_8', 'ID00000_9', 'ID00000_10', 'ID00000_11', 'ID00000_12', 'ID00000_13']",11,12,1,989.0,49
ID00018_0,67,[],ID00018,1,CyberShake,Terminated,0,100000000000,1,131,1,0,0,7,14,7,39.0,1000.0,0,18.0,"['ID00001_0', 'ID00001_1', 'ID00001_2', 'ID00001_3', 'ID00001_4', 'ID00001_5', 'ID00001_6', 'ID00001_7', 'ID00001_8', 'ID00001_9', 'ID00001_10', 'ID00001_11', 'ID00001_12', 'ID00001_13', 'ID00019_0', 'ID00019_1']",0,3,3,985.0,21
ID00018_1,68,[],ID00018,1,CyberShake,Terminated,0,100000000000,1,463,1,0,0,6,12,6,40.0,1000.0,10,25.0,"['ID00001_0', 'ID00001_1', 'ID00001_2', 'ID00001_3', 'ID00001_4', 'ID00001_5', 'ID00001_6', 'ID00001_7', 'ID00001_8', 'ID00001_9', 'ID00001_10', 'ID00001_11', 'ID00001_12', 'ID00001_13', 'ID00019_0', 'ID00019_1']",0,10,10,985.0,14
ID00019_0,69,['ID00018'],ID00019,1,CyberShake,Terminated,0,100000000000,1,166,1,0,0,19,24,5,41.0,1000.0,4,15.0,"['ID00000_0', 'ID00000_1', 'ID00000_2', 'ID00000_3', 'ID00000_4', 'ID00000_5', 'ID00000_6', 'ID00000_7', 'ID00000_8', 'ID00000_9', 'ID00000_10', 'ID00000_11', 'ID00000_12', 'ID00000_13']",3,7,4,989.0,37
ID00019_1,70,['ID00018'],ID00019,1,CyberShake,Terminated,0,100000000000,1,180,1,0,0,19,24,5,41.0,1000.0,6,15.0,"['ID00000_0', 'ID00000_1', 'ID00000_2', 'ID00000_3', 'ID00000_4', 'ID00000_5', 'ID00000_6', 'ID00000_7', 'ID00000_8', 'ID00000_9', 'ID00000_10', 'ID00000_11', 'ID00000_12', 'ID00000_13']",3,7,4,989.0,38
ID00020_0,71,[],ID00020,1,CyberShake,Terminated,0,100000000000,1,397,1,0,0,0,10,10,36.0,1000.0,4,28.0,"['ID00001_0', 'ID00001_1', 'ID00001_2', 'ID00001_3', 'ID00001_4', 'ID00001_5', 'ID00001_6', 'ID00001_7', 'ID00001_8', 'ID00001_9', 'ID00001_10', 'ID00001_11', 'ID00001_12', 'ID00001_13', 'ID00021_0', 'ID00021_1']",0,9,9,981.0,5
ID00020_1,72,[],ID00020,1,CyberShake,Terminated,0,100000000000,1,471,1,0,0,0,6,6,40.0,1000.0,11,30.0,"['ID00001_0', 'ID00001_1', 'ID00001_2', 'ID00001_3', 'ID00001_4', 'ID00001_5', 'ID00001_6', 'ID00001_7', 'ID00001_8', 'ID00001_9', 'ID00001_10', 'ID00001_11', 'ID00001_12', 'ID00001_13', 'ID00021_0', 'ID00021_1']",0,11,11,981.0,4
ID00021_0,73,['ID00020'],ID00021,1,CyberShake,Terminated,0,100000000000,1,176,1,0,0,19,24,5,41.0,1000.0,5,15.0,"['ID00000_0', 'ID00000_1', 'ID00000_2', 'ID00000_3', 'ID00000_4', 'ID00000_5', 'ID00000_6', 'ID00000_7', 'ID00000_8', 'ID00000_9', 'ID00000_10', 'ID00000_11', 'ID00000_12', 'ID00000_13']",9,13,4,989.0,39
ID00021_1,74,['ID00020'],ID00021,1,CyberShake,Terminated,0,100000000000,1,362,1,0,0,11,21,10,36.0,1000.0,7,19.0,"['ID00000_0', 'ID00000_1', 'ID00000_2', 'ID00000_3', 'ID00000_4', 'ID00000_5', 'ID00000_6', 'ID00000_7', 'ID00000_8', 'ID00000_9', 'ID00000_10', 'ID00000_11', 'ID00000_12', 'ID00000_13']",9,17,8,989.0,26
ID00022_0,75,[],ID00022,1,CyberShake,Terminated,0,100000000000,1,11,1,0,0,6,7,1,45.0,1000.0,0,21.0,"['ID00001_0', 'ID00001_1', 'ID00001_2', 'ID00001_3', 'ID00001_4', 'ID00001_5', 'ID00001_6', 'ID00001_7', 'ID00001_8', 'ID00001_9', 'ID00001_10', 'ID00001_11', 'ID00001_12', 'ID00001_13', 'ID00023_0', 'ID00023_1']",0,1,1,980.0,16
ID00022_1,76,[],ID00022,1,CyberShake,Terminated,0,100000000000,1,203,1,0,0,6,9,3,43.0,1000.0,8,25.0,"['ID00001_0', 'ID00001_1', 'ID00001_2', 'ID00001_3', 'ID00001_4', 'ID00001_5', 'ID00001_6', 'ID00001_7', 'ID00001_8', 'ID00001_9', 'ID00001_10', 'ID00001_11', 'ID00001_12', 'ID00001_13', 'ID00023_0', 'ID00023_1']",0,5,5,980.0,15
ID00023_0,77,['ID00022'],ID00023,1,CyberShake,Terminated,0,100000000000,1,236,1,0,0,18,21,3,43.0,1000.0,11,17.0,"['ID00000_0', 'ID00000_1', 'ID00000_2', 'ID00000_3', 'ID00000_4', 'ID00000_5', 'ID00000_6', 'ID00000_7', 'ID00000_8', 'ID00000_9', 'ID00000_10', 'ID00000_11', 'ID00000_12', 'ID00000_13']",1,7,6,989.0,35
ID00023_1,78,['ID00022'],ID00023,1,CyberShake,Terminated,0,100000000000,1,389,1,0,0,9,19,10,36.0,1000.0,5,20.0,"['ID00000_0', 'ID00000_1', 'ID00000_2', 'ID00000_3', 'ID00000_4', 'ID00000_5', 'ID00000_6', 'ID00000_7', 'ID00000_8', 'ID00000_9', 'ID00000_10', 'ID00000_11', 'ID00000_12', 'ID00000_13']",1,10,9,989.0,23
ID00024_0,79,[],ID00024,1,CyberShake,Terminated,0,100000000000,1,133,1,0,0,0,7,7,39.0,1000.0,3,22.0,"['ID00001_0', 'ID00001_1', 'ID00001_2', 'ID00001_3', 'ID00001_4', 'ID00001_5', 'ID00001_6', 'ID00001_7', 'ID00001_8', 'ID00001_9', 'ID00001_10', 'ID00001_11', 'ID00001_12', 'ID00001_13', 'ID00025_0', 'ID00025_1']",0,3,3,981.0,12
ID00024_1,80,[],ID00024,1,CyberShake,Terminated,0,100000000000,1,351,1,0,0,0,9,9,37.0,1000.0,5,27.0,"['ID00001_0', 'ID00001_1', 'ID00001_2', 'ID00001_3', 'ID00001_4', 'ID00001_5', 'ID00001_6', 'ID00001_7', 'ID00001_8', 'ID00001_9', 'ID00001_10', 'ID00001_11', 'ID00001_12', 'ID00001_13', 'ID00025_0', 'ID00025_1']",0,8,8,981.0,6
ID00025_0,81,['ID00024'],ID00025,1,CyberShake,Terminated,0,100000000000,1,232,1,0,0,20,23,3,43.0,1000.0,9,16.0,"['ID00000_0', 'ID00000_1', 'ID00000_2', 'ID00000_3', 'ID00000_4', 'ID00000_5', 'ID00000_6', 'ID00000_7', 'ID00000_8', 'ID00000_9', 'ID00000_10', 'ID00000_11', 'ID00000_12', 'ID00000_13']",3,8,5,989.0,41
ID00025_1,82,['ID00024'],ID00025,1,CyberShake,Terminated,0,100000000000,1,331,1,0,0,10,19,9,37.0,1000.0,4,19.0,"['ID00000_0', 'ID00000_1', 'ID00000_2', 'ID00000_3', 'ID00000_4', 'ID00000_5', 'ID00000_6', 'ID00000_7', 'ID00000_8', 'ID00000_9', 'ID00000_10', 'ID00000_11', 'ID00000_12', 'ID00000_13']",3,11,8,989.0,24
ID00026_0,83,[],ID00026,1,CyberShake,Terminated,0,100000000000,1,426,1,0,0,0,6,6,40.0,1000.0,10,31.0,"['ID00001_0', 'ID00001_1', 'ID00001_2', 'ID00001_3', 'ID00001_4', 'ID00001_5', 'ID00001_6', 'ID00001_7', 'ID00001_8', 'ID00001_9', 'ID00001_10', 'ID00001_11', 'ID00001_12', 'ID00001_13', 'ID00027_0', 'ID00027_1']",0,10,10,979.0,3
ID00026_1,84,[],ID00026,1,CyberShake,Terminated,0,100000000000,1,118,1,0,0,0,6,6,40.0,1000.0,1,24.0,"['ID00001_0', 'ID00001_1', 'ID00001_2', 'ID00001_3', 'ID00001_4', 'ID00001_5', 'ID00001_6', 'ID00001_7', 'ID00001_8', 'ID00001_9', 'ID00001_10', 'ID00001_11', 'ID00001_12', 'ID00001_13', 'ID00027_0', 'ID00027_1']",0,3,3,979.0,10
ID00027_0,85,['ID00026'],ID00027,1,CyberShake,Terminated,0,100000000000,1,34,1,0,0,24,25,1,45.0,1000.0,6,12.0,"['ID00000_0', 'ID00000_1', 'ID00000_2', 'ID00000_3', 'ID00000_4', 'ID00000_5', 'ID00000_6', 'ID00000_7', 'ID00000_8', 'ID00000_9', 'ID00000_10', 'ID00000_11', 'ID00000_12', 'ID00000_13']",10,11,1,989.0,52
ID00027_1,86,['ID00026'],ID00027,1,CyberShake,Terminated,0,100000000000,1,436,1,0,0,12,18,6,40.0,1000.0,10,21.0,"['ID00000_0', 'ID00000_1', 'ID00000_2', 'ID00000_3', 'ID00000_4', 'ID00000_5', 'ID00000_6', 'ID00000_7', 'ID00000_8', 'ID00000_9', 'ID00000_10', 'ID00000_11', 'ID00000_12', 'ID00000_13']",10,20,10,989.0,27
ID00028_0,87,[],ID00028,1,CyberShake,Terminated,0,100000000000,1,464,1,0,0,0,6,6,40.0,1000.0,8,32.0,"['ID00001_0', 'ID00001_1', 'ID00001_2', 'ID00001_3', 'ID00001_4', 'ID00001_5', 'ID00001_6', 'ID00001_7', 'ID00001_8', 'ID00001_9', 'ID00001_10', 'ID00001_11', 'ID00001_12', 'ID00001_13', 'ID00029_0', 'ID00029_1']",0,10,10,978.0,1
ID00028_1,88,[],ID00028,1,CyberShake,Terminated,0,100000000000,1,117,1,0,0,0,6,6,40.0,1000.0,0,25.0,"['ID00001_0', 'ID00001_1', 'ID00001_2', 'ID00001_3', 'ID00001_4', 'ID00001_5', 'ID00001_6', 'ID00001_7', 'ID00001_8', 'ID00001_9', 'ID00001_10', 'ID00001_11', 'ID00001_12', 'ID00001_13', 'ID00029_0', 'ID00029_1']",0,3,3,978.0,9
ID00029_0,89,['ID00028'],ID00029,1,CyberShake,Terminated,0,100000000000,1,280,1,0,0,18,22,4,42.0,1000.0,10,17.0,"['ID00000_0', 'ID00000_1', 'ID00000_2', 'ID00000_3', 'ID00000_4', 'ID00000_5', 'ID00000_6', 'ID00000_7', 'ID00000_8', 'ID00000_9', 'ID00000_10', 'ID00000_11', 'ID00000_12', 'ID00000_13']",10,16,6,989.0,36
ID00029_1,90,['ID00028'],ID00029,1,CyberShake,Terminated,0,100000000000,1,492,1,0,0,11,18,7,39.0,1000.0,11,22.0,"['ID00000_0', 'ID00000_1', 'ID00000_2', 'ID00000_3', 'ID00000_4', 'ID00000_5', 'ID00000_6', 'ID00000_7', 'ID00000_8', 'ID00000_9', 'ID00000_10', 'ID00000_11', 'ID00000_12', 'ID00000_13']",10,21,11,989.0,25
