task_id,Unnamed: 0,parents,job_id,instances_num,task_type,status,start_time,end_time,cpu,memory,duration,submit_time,disk,EST,EFT,MET,LFT,AST,VmId,ru,children,initial_EST,initial_EFT,initial_MET,initial_LFT,rankScore
ID00000_0,0,"['ID00006', 'ID00017', 'ID00027', 'ID00004', 'ID00014', 'ID00025', 'ID00008', 'ID00019', 'ID00029', 'ID00012', 'ID00023', 'ID00010', 'ID00021']",ID00000,1,CyberShake,Terminated,0,100000000000,1,201,1,0,0,38,41,3,42.0,1000.0,11,5.0,[],21,26,5,1000.0,71
ID00000_1,1,"['ID00006', 'ID00017', 'ID00027', 'ID00004', 'ID00014', 'ID00025', 'ID00008', 'ID00019', 'ID00029', 'ID00012', 'ID00023', 'ID00010', 'ID00021']",ID00000,1,CyberShake,Terminated,0,100000000000,1,368,1,0,0,28,38,10,42.0,1000.0,6,8.0,[],21,29,8,1000.0,61
ID00000_2,2,"['ID00006', 'ID00017', 'ID00027', 'ID00004', 'ID00014', 'ID00025', 'ID00008', 'ID00019', 'ID00029', 'ID00012', 'ID00023', 'ID00010', 'ID00021']",ID00000,1,CyberShake,Terminated,0,100000000000,1,119,1,0,0,38,41,3,42.0,1000.0,6,3.0,[],21,24,3,1000.0,72
ID00000_3,3,"['ID00006', 'ID00017', 'ID00027', 'ID00004', 'ID00014', 'ID00025', 'ID00008', 'ID00019', 'ID00029', 'ID00012', 'ID00023', 'ID00010', 'ID00021']",ID00000,1,CyberShake,Terminated,0,100000000000,1,296,1,0,0,34,38,4,42.0,1000.0,11,7.0,[],21,28,7,1000.0,66
ID00000_4,4,"['ID00006', 'ID00017', 'ID00027', 'ID00004', 'ID00014', 'ID00025', 'ID00008', 'ID00019', 'ID00029', 'ID00012', 'ID00023', 'ID00010', 'ID00021']",ID00000,1,CyberShake,Terminated,0,100000000000,1,112,1,0,0,38,41,3,42.0,1000.0,7,3.0,[],21,24,3,1000.0,73
ID00000_5,5,"['ID00006', 'ID00017', 'ID00027', 'ID00004', 'ID00014', 'ID00025', 'ID00008', 'ID00019', 'ID00029', 'ID00012', 'ID00023', 'ID00010', 'ID00021']",ID00000,1,CyberShake,Terminated,0,100000000000,1,45,1,0,0,40,41,1,42.0,1000.0,10,1.0,[],21,22,1,1000.0,79
ID00000_6,6,"['ID00006', 'ID00017', 'ID00027', 'ID00004', 'ID00014', 'ID00025', 'ID00008', 'ID00019', 'ID00029', 'ID00012', 'ID00023', 'ID00010', 'ID00021']",ID00000,1,CyberShake,Terminated,0,100000000000,1,54,1,0,0,39,40,1,42.0,1000.0,9,2.0,[],21,23,2,1000.0,75
ID00000_7,7,"['ID00006', 'ID00017', 'ID00027', 'ID00004', 'ID00014', 'ID00025', 'ID00008', 'ID00019', 'ID00029', 'ID00012', 'ID00023', 'ID00010', 'ID00021']",ID00000,1,CyberShake,Terminated,0,100000000000,1,13,1,0,0,39,40,1,42.0,1000.0,0,1.0,[],21,22,1,1000.0,77
ID00000_8,8,"['ID00006', 'ID00017', 'ID00027', 'ID00004', 'ID00014', 'ID00025', 'ID00008', 'ID00019', 'ID00029', 'ID00012', 'ID00023', 'ID00010', 'ID00021']",ID00000,1,CyberShake,Terminated,0,100000000000,1,297,1,0,0,35,39,4,42.0,1000.0,8,7.0,[],21,28,7,1000.0,67
ID00000_9,9,"['ID00006', 'ID00017', 'ID00027', 'ID00004', 'ID00014', 'ID00025', 'ID00008', 'ID00019', 'ID00029', 'ID00012', 'ID00023', 'ID00010', 'ID00021']",ID00000,1,CyberShake,Terminated,0,100000000000,1,208,1,0,0,39,42,3,42.0,1000.0,8,5.0,[],21,26,5,1000.0,74
ID00000_10,10,"['ID00006', 'ID00017', 'ID00027', 'ID00004', 'ID00014', 'ID00025', 'ID00008', 'ID00019', 'ID00029', 'ID00012', 'ID00023', 'ID00010', 'ID00021']",ID00000,1,CyberShake,Terminated,0,100000000000,1,445,1,0,0,33,39,6,42.0,1000.0,9,10.0,[],21,31,10,1000.0,65
ID00000_11,11,"['ID00006', 'ID00017', 'ID00027', 'ID00004', 'ID00014', 'ID00025', 'ID00008', 'ID00019', 'ID00029', 'ID00012', 'ID00023', 'ID00010', 'ID00021']",ID00000,1,CyberShake,Terminated,0,100000000000,1,31,1,0,0,40,41,1,42.0,1000.0,5,1.0,[],21,22,1,1000.0,80
ID00000_12,12,"['ID00006', 'ID00017', 'ID00027', 'ID00004', 'ID00014', 'ID00025', 'ID00008', 'ID00019', 'ID00029', 'ID00012', 'ID00023', 'ID00010', 'ID00021']",ID00000,1,CyberShake,Terminated,0,100000000000,1,359,1,0,0,28,37,9,42.0,1000.0,5,8.0,[],21,29,8,1000.0,62
ID00000_13,13,"['ID00006', 'ID00017', 'ID00027', 'ID00004', 'ID00014', 'ID00025', 'ID00008', 'ID00019', 'ID00029', 'ID00012', 'ID00023', 'ID00010', 'ID00021']",ID00000,1,CyberShake,Terminated,0,100000000000,1,3,1,0,0,40,41,1,42.0,1000.0,0,1.0,[],21,22,1,1000.0,81
ID00001_0,14,"['ID00028', 'ID00005', 'ID00016', 'ID00026', 'ID00003', 'ID00009', 'ID00007', 'ID00018', 'ID00020', 'ID00013', 'ID00024', 'ID00011', 'ID00022']",ID00001,1,CyberShake,Terminated,0,100000000000,1,498,1,0,0,28,35,7,42.0,1000.0,10,11.0,[],11,22,11,1000.0,58
ID00001_1,15,"['ID00028', 'ID00005', 'ID00016', 'ID00026', 'ID00003', 'ID00009', 'ID00007', 'ID00018', 'ID00020', 'ID00013', 'ID00024', 'ID00011', 'ID00022']",ID00001,1,CyberShake,Terminated,0,100000000000,1,261,1,0,0,35,39,4,42.0,1000.0,10,6.0,[],11,17,6,1000.0,68
ID00001_2,16,"['ID00028', 'ID00005', 'ID00016', 'ID00026', 'ID00003', 'ID00009', 'ID00007', 'ID00018', 'ID00020', 'ID00013', 'ID00024', 'ID00011', 'ID00022']",ID00001,1,CyberShake,Terminated,0,100000000000,1,465,1,0,0,26,38,12,42.0,1000.0,7,10.0,[],11,21,10,1000.0,53
ID00001_3,17,"['ID00028', 'ID00005', 'ID00016', 'ID00026', 'ID00003', 'ID00009', 'ID00007', 'ID00018', 'ID00020', 'ID00013', 'ID00024', 'ID00011', 'ID00022']",ID00001,1,CyberShake,Terminated,0,100000000000,1,430,1,0,0,28,34,6,42.0,1000.0,11,10.0,[],11,21,10,1000.0,60
ID00001_4,18,"['ID00028', 'ID00005', 'ID00016', 'ID00026', 'ID00003', 'ID00009', 'ID00007', 'ID00018', 'ID00020', 'ID00013', 'ID00024', 'ID00011', 'ID00022']",ID00001,1,CyberShake,Terminated,0,100000000000,1,265,1,0,0,27,41,14,42.0,1000.0,1,6.0,[],11,17,6,1000.0,56
ID00001_5,19,"['ID00028', 'ID00005', 'ID00016', 'ID00026', 'ID00003', 'ID00009', 'ID00007', 'ID00018', 'ID00020', 'ID00013', 'ID00024', 'ID00011', 'ID00022']",ID00001,1,CyberShake,Terminated,0,100000000000,1,382,1,0,0,27,37,10,42.0,1000.0,4,9.0,[],11,20,9,1000.0,55
ID00001_6,20,"['ID00028', 'ID00005', 'ID00016', 'ID00026', 'ID00003', 'ID00009', 'ID00007', 'ID00018', 'ID00020', 'ID00013', 'ID00024', 'ID00011', 'ID00022']",ID00001,1,CyberShake,Terminated,0,100000000000,1,250,1,0,0,28,41,13,42.0,1000.0,2,6.0,[],11,17,6,1000.0,63
ID00001_7,21,"['ID00028', 'ID00005', 'ID00016', 'ID00026', 'ID00003', 'ID00009', 'ID00007', 'ID00018', 'ID00020', 'ID00013', 'ID00024', 'ID00011', 'ID00022']",ID00001,1,CyberShake,Terminated,0,100000000000,1,43,1,0,0,41,42,1,42.0,1000.0,11,1.0,[],11,12,1,1000.0,82
ID00001_8,22,"['ID00028', 'ID00005', 'ID00016', 'ID00026', 'ID00003', 'ID00009', 'ID00007', 'ID00018', 'ID00020', 'ID00013', 'ID00024', 'ID00011', 'ID00022']",ID00001,1,CyberShake,Terminated,0,100000000000,1,502,1,0,0,28,35,7,42.0,1000.0,8,11.0,[],11,22,11,1000.0,59
ID00001_9,23,"['ID00028', 'ID00005', 'ID00016', 'ID00026', 'ID00003', 'ID00009', 'ID00007', 'ID00018', 'ID00020', 'ID00013', 'ID00024', 'ID00011', 'ID00022']",ID00001,1,CyberShake,Terminated,0,100000000000,1,108,1,0,0,37,40,3,42.0,1000.0,5,3.0,[],11,14,3,1000.0,70
ID00001_10,24,"['ID00028', 'ID00005', 'ID00016', 'ID00026', 'ID00003', 'ID00009', 'ID00007', 'ID00018', 'ID00020', 'ID00013', 'ID00024', 'ID00011', 'ID00022']",ID00001,1,CyberShake,Terminated,0,100000000000,1,274,1,0,0,28,42,14,42.0,1000.0,3,6.0,[],11,17,6,1000.0,64
ID00001_11,25,"['ID00028', 'ID00005', 'ID00016', 'ID00026', 'ID00003', 'ID00009', 'ID00007', 'ID00018', 'ID00020', 'ID00013', 'ID00024', 'ID00011', 'ID00022']",ID00001,1,CyberShake,Terminated,0,100000000000,1,88,1,0,0,40,42,2,42.0,1000.0,9,2.0,[],11,13,2,1000.0,78
ID00001_12,26,"['ID00028', 'ID00005', 'ID00016', 'ID00026', 'ID00003', 'ID00009', 'ID00007', 'ID00018', 'ID00020', 'ID00013', 'ID00024', 'ID00011', 'ID00022']",ID00001,1,CyberShake,Terminated,0,100000000000,1,61,1,0,0,39,40,1,42.0,1000.0,10,2.0,[],11,13,2,1000.0,76
ID00001_13,27,"['ID00028', 'ID00005', 'ID00016', 'ID00026', 'ID00003', 'ID00009', 'ID00007', 'ID00018', 'ID00020', 'ID00013', 'ID00024', 'ID00011', 'ID00022']",ID00001,1,CyberShake,Terminated,0,100000000000,1,42,1,0,0,41,42,1,42.0,1000.0,10,1.0,[],11,12,1,1000.0,83
ID00002_0,28,[],ID00002,1,CyberShake,Terminated,0,100000000000,1,10,1,0,0,41,42,1,42.0,1000.0,0,1.0,[],0,1,1,1000.0,84
ID00002_1,29,[],ID00002,1,CyberShake,Terminated,0,100000000000,1,235,1,0,0,27,39,12,42.0,1000.0,0,6.0,[],0,6,6,1000.0,57
ID00003_0,30,[],ID00003,1,CyberShake,Terminated,0,100000000000,1,209,1,0,0,3,14,11,31.0,1000.0,3,22.0,"['ID00001_0', 'ID00001_1', 'ID00001_2', 'ID00001_3', 'ID00001_4', 'ID00001_5', 'ID00001_6', 'ID00001_7', 'ID00001_8', 'ID00001_9', 'ID00001_10', 'ID00001_11', 'ID00001_12', 'ID00001_13', 'ID00004_0', 'ID00004_1']",0,5,5,983.0,13
ID00003_1,31,[],ID00003,1,CyberShake,Terminated,0,100000000000,1,498,1,0,0,0,7,7,35.0,1000.0,11,28.0,"['ID00001_0', 'ID00001_1', 'ID00001_2', 'ID00001_3', 'ID00001_4', 'ID00001_5', 'ID00001_6', 'ID00001_7', 'ID00001_8', 'ID00001_9', 'ID00001_10', 'ID00001_11', 'ID00001_12', 'ID00001_13', 'ID00004_0', 'ID00004_1']",0,11,11,983.0,3
ID00004_0,32,['ID00003'],ID00004,1,CyberShake,Terminated,0,100000000000,1,307,1,0,0,21,25,4,38.0,1000.0,8,17.0,"['ID00000_0', 'ID00000_1', 'ID00000_2', 'ID00000_3', 'ID00000_4', 'ID00000_5', 'ID00000_6', 'ID00000_7', 'ID00000_8', 'ID00000_9', 'ID00000_10', 'ID00000_11', 'ID00000_12', 'ID00000_13']",5,12,7,990.0,40
ID00004_1,33,['ID00003'],ID00004,1,CyberShake,Terminated,0,100000000000,1,201,1,0,0,14,25,11,31.0,1000.0,3,15.0,"['ID00000_0', 'ID00000_1', 'ID00000_2', 'ID00000_3', 'ID00000_4', 'ID00000_5', 'ID00000_6', 'ID00000_7', 'ID00000_8', 'ID00000_9', 'ID00000_10', 'ID00000_11', 'ID00000_12', 'ID00000_13']",5,10,5,990.0,31
ID00005_0,34,[],ID00005,1,CyberShake,Terminated,0,100000000000,1,327,1,0,0,7,12,5,37.0,1000.0,10,26.0,"['ID00001_0', 'ID00001_1', 'ID00001_2', 'ID00001_3', 'ID00001_4', 'ID00001_5', 'ID00001_6', 'ID00001_7', 'ID00001_8', 'ID00001_9', 'ID00001_10', 'ID00001_11', 'ID00001_12', 'ID00001_13', 'ID00006_0', 'ID00006_1']",0,8,8,982.0,16
ID00005_1,35,[],ID00005,1,CyberShake,Terminated,0,100000000000,1,261,1,0,0,0,14,14,28.0,1000.0,0,24.0,"['ID00001_0', 'ID00001_1', 'ID00001_2', 'ID00001_3', 'ID00001_4', 'ID00001_5', 'ID00001_6', 'ID00001_7', 'ID00001_8', 'ID00001_9', 'ID00001_10', 'ID00001_11', 'ID00001_12', 'ID00001_13', 'ID00006_0', 'ID00006_1']",0,6,6,982.0,9
ID00006_0,36,['ID00005'],ID00006,1,CyberShake,Terminated,0,100000000000,1,340,1,0,0,14,23,9,33.0,1000.0,4,18.0,"['ID00000_0', 'ID00000_1', 'ID00000_2', 'ID00000_3', 'ID00000_4', 'ID00000_5', 'ID00000_6', 'ID00000_7', 'ID00000_8', 'ID00000_9', 'ID00000_10', 'ID00000_11', 'ID00000_12', 'ID00000_13']",8,16,8,990.0,28
ID00006_1,37,['ID00005'],ID00006,1,CyberShake,Terminated,0,100000000000,1,368,1,0,0,14,24,10,32.0,1000.0,5,18.0,"['ID00000_0', 'ID00000_1', 'ID00000_2', 'ID00000_3', 'ID00000_4', 'ID00000_5', 'ID00000_6', 'ID00000_7', 'ID00000_8', 'ID00000_9', 'ID00000_10', 'ID00000_11', 'ID00000_12', 'ID00000_13']",8,16,8,990.0,29
ID00007_0,38,[],ID00007,1,CyberShake,Terminated,0,100000000000,1,490,1,0,0,0,7,7,35.0,1000.0,10,28.0,"['ID00001_0', 'ID00001_1', 'ID00001_2', 'ID00001_3', 'ID00001_4', 'ID00001_5', 'ID00001_6', 'ID00001_7', 'ID00001_8', 'ID00001_9', 'ID00001_10', 'ID00001_11', 'ID00001_12', 'ID00001_13', 'ID00008_0', 'ID00008_1']",0,11,11,983.0,4
ID00007_1,39,[],ID00007,1,CyberShake,Terminated,0,100000000000,1,465,1,0,0,0,12,12,30.0,1000.0,7,27.0,"['ID00001_0', 'ID00001_1', 'ID00001_2', 'ID00001_3', 'ID00001_4', 'ID00001_5', 'ID00001_6', 'ID00001_7', 'ID00001_8', 'ID00001_9', 'ID00001_10', 'ID00001_11', 'ID00001_12', 'ID00001_13', 'ID00008_0', 'ID00008_1']",0,10,10,983.0,7
ID00008_0,40,['ID00007'],ID00008,1,CyberShake,Terminated,0,100000000000,1,310,1,0,0,19,27,8,34.0,1000.0,6,17.0,"['ID00000_0', 'ID00000_1', 'ID00000_2', 'ID00000_3', 'ID00000_4', 'ID00000_5', 'ID00000_6', 'ID00000_7', 'ID00000_8', 'ID00000_9', 'ID00000_10', 'ID00000_11', 'ID00000_12', 'ID00000_13']",11,18,7,990.0,37
ID00008_1,41,['ID00007'],ID00008,1,CyberShake,Terminated,0,100000000000,1,119,1,0,0,23,26,3,39.0,1000.0,4,13.0,"['ID00000_0', 'ID00000_1', 'ID00000_2', 'ID00000_3', 'ID00000_4', 'ID00000_5', 'ID00000_6', 'ID00000_7', 'ID00000_8', 'ID00000_9', 'ID00000_10', 'ID00000_11', 'ID00000_12', 'ID00000_13']",11,14,3,990.0,43
ID00009_0,42,[],ID00009,1,CyberShake,Terminated,0,100000000000,1,159,1,0,0,10,14,4,38.0,1000.0,4,21.0,"['ID00001_0', 'ID00001_1', 'ID00001_2', 'ID00001_3', 'ID00001_4', 'ID00001_5', 'ID00001_6', 'ID00001_7', 'ID00001_8', 'ID00001_9', 'ID00001_10', 'ID00001_11', 'ID00001_12', 'ID00001_13', 'ID00010_0', 'ID00010_1']",0,4,4,983.0,20
ID00009_1,43,[],ID00009,1,CyberShake,Terminated,0,100000000000,1,430,1,0,0,0,11,11,31.0,1000.0,6,27.0,"['ID00001_0', 'ID00001_1', 'ID00001_2', 'ID00001_3', 'ID00001_4', 'ID00001_5', 'ID00001_6', 'ID00001_7', 'ID00001_8', 'ID00001_9', 'ID00001_10', 'ID00001_11', 'ID00001_12', 'ID00001_13', 'ID00010_0', 'ID00010_1']",0,10,10,983.0,8
ID00010_0,44,['ID00009'],ID00010,1,CyberShake,Terminated,0,100000000000,1,45,1,0,0,25,28,3,39.0,1000.0,3,11.0,"['ID00000_0', 'ID00000_1', 'ID00000_2', 'ID00000_3', 'ID00000_4', 'ID00000_5', 'ID00000_6', 'ID00000_7', 'ID00000_8', 'ID00000_9', 'ID00000_10', 'ID00000_11', 'ID00000_12', 'ID00000_13']",4,5,1,990.0,48
ID00010_1,45,['ID00009'],ID00010,1,CyberShake,Terminated,0,100000000000,1,296,1,0,0,24,28,4,38.0,1000.0,11,17.0,"['ID00000_0', 'ID00000_1', 'ID00000_2', 'ID00000_3', 'ID00000_4', 'ID00000_5', 'ID00000_6', 'ID00000_7', 'ID00000_8', 'ID00000_9', 'ID00000_10', 'ID00000_11', 'ID00000_12', 'ID00000_13']",4,11,7,990.0,45
ID00011_0,46,[],ID00011,1,CyberShake,Terminated,0,100000000000,1,41,1,0,0,12,14,2,40.0,1000.0,7,18.0,"['ID00001_0', 'ID00001_1', 'ID00001_2', 'ID00001_3', 'ID00001_4', 'ID00001_5', 'ID00001_6', 'ID00001_7', 'ID00001_8', 'ID00001_9', 'ID00001_10', 'ID00001_11', 'ID00001_12', 'ID00001_13', 'ID00012_0', 'ID00012_1']",0,1,1,983.0,24
ID00011_1,47,[],ID00011,1,CyberShake,Terminated,0,100000000000,1,265,1,0,0,0,14,14,28.0,1000.0,1,23.0,"['ID00001_0', 'ID00001_1', 'ID00001_2', 'ID00001_3', 'ID00001_4', 'ID00001_5', 'ID00001_6', 'ID00001_7', 'ID00001_8', 'ID00001_9', 'ID00001_10', 'ID00001_11', 'ID00001_12', 'ID00001_13', 'ID00012_0', 'ID00012_1']",0,6,6,983.0,10
ID00012_0,48,['ID00011'],ID00012,1,CyberShake,Terminated,0,100000000000,1,301,1,0,0,20,24,4,38.0,1000.0,11,17.0,"['ID00000_0', 'ID00000_1', 'ID00000_2', 'ID00000_3', 'ID00000_4', 'ID00000_5', 'ID00000_6', 'ID00000_7', 'ID00000_8', 'ID00000_9', 'ID00000_10', 'ID00000_11', 'ID00000_12', 'ID00000_13']",1,8,7,990.0,39
ID00012_1,49,['ID00011'],ID00012,1,CyberShake,Terminated,0,100000000000,1,112,1,0,0,23,26,3,39.0,1000.0,7,13.0,"['ID00000_0', 'ID00000_1', 'ID00000_2', 'ID00000_3', 'ID00000_4', 'ID00000_5', 'ID00000_6', 'ID00000_7', 'ID00000_8', 'ID00000_9', 'ID00000_10', 'ID00000_11', 'ID00000_12', 'ID00000_13']",1,4,3,990.0,44
ID00013_0,50,[],ID00013,1,CyberShake,Terminated,0,100000000000,1,235,1,0,0,0,12,12,30.0,1000.0,2,23.0,"['ID00001_0', 'ID00001_1', 'ID00001_2', 'ID00001_3', 'ID00001_4', 'ID00001_5', 'ID00001_6', 'ID00001_7', 'ID00001_8', 'ID00001_9', 'ID00001_10', 'ID00001_11', 'ID00001_12', 'ID00001_13', 'ID00014_0', 'ID00014_1']",0,6,6,983.0,11
ID00013_1,51,[],ID00013,1,CyberShake,Terminated,0,100000000000,1,382,1,0,0,6,11,5,37.0,1000.0,9,26.0,"['ID00001_0', 'ID00001_1', 'ID00001_2', 'ID00001_3', 'ID00001_4', 'ID00001_5', 'ID00001_6', 'ID00001_7', 'ID00001_8', 'ID00001_9', 'ID00001_10', 'ID00001_11', 'ID00001_12', 'ID00001_13', 'ID00014_0', 'ID00014_1']",0,9,9,983.0,15
ID00014_0,52,['ID00013'],ID00014,1,CyberShake,Terminated,0,100000000000,1,322,1,0,0,22,27,5,37.0,1000.0,9,17.0,"['ID00000_0', 'ID00000_1', 'ID00000_2', 'ID00000_3', 'ID00000_4', 'ID00000_5', 'ID00000_6', 'ID00000_7', 'ID00000_8', 'ID00000_9', 'ID00000_10', 'ID00000_11', 'ID00000_12', 'ID00000_13']",6,13,7,990.0,41
ID00014_1,53,['ID00013'],ID00014,1,CyberShake,Terminated,0,100000000000,1,45,1,0,0,26,28,2,40.0,1000.0,5,11.0,"['ID00000_0', 'ID00000_1', 'ID00000_2', 'ID00000_3', 'ID00000_4', 'ID00000_5', 'ID00000_6', 'ID00000_7', 'ID00000_8', 'ID00000_9', 'ID00000_10', 'ID00000_11', 'ID00000_12', 'ID00000_13']",6,7,1,990.0,50
ID00015_0,54,[],ID00015,1,CyberShake,Terminated,0,100000000000,1,194,1,0,0,37,42,5,42.0,1000.0,4,5.0,[],0,5,5,1000.0,69
ID00015_1,55,[],ID00015,1,CyberShake,Terminated,0,100000000000,1,475,1,0,0,27,33,6,42.0,1000.0,9,11.0,[],0,11,11,1000.0,54
ID00016_0,56,[],ID00016,1,CyberShake,Terminated,0,100000000000,1,336,1,0,0,11,16,5,37.0,1000.0,9,23.0,"['ID00001_0', 'ID00001_1', 'ID00001_2', 'ID00001_3', 'ID00001_4', 'ID00001_5', 'ID00001_6', 'ID00001_7', 'ID00001_8', 'ID00001_9', 'ID00001_10', 'ID00001_11', 'ID00001_12', 'ID00001_13', 'ID00017_0', 'ID00017_1']",0,8,8,985.0,21
ID00016_1,57,[],ID00016,1,CyberShake,Terminated,0,100000000000,1,250,1,0,0,12,16,4,38.0,1000.0,10,21.0,"['ID00001_0', 'ID00001_1', 'ID00001_2', 'ID00001_3', 'ID00001_4', 'ID00001_5', 'ID00001_6', 'ID00001_7', 'ID00001_8', 'ID00001_9', 'ID00001_10', 'ID00001_11', 'ID00001_12', 'ID00001_13', 'ID00017_0', 'ID00017_1']",0,6,6,985.0,23
ID00017_0,58,['ID00016'],ID00017,1,CyberShake,Terminated,0,100000000000,1,209,1,0,0,16,27,11,31.0,1000.0,1,15.0,"['ID00000_0', 'ID00000_1', 'ID00000_2', 'ID00000_3', 'ID00000_4', 'ID00000_5', 'ID00000_6', 'ID00000_7', 'ID00000_8', 'ID00000_9', 'ID00000_10', 'ID00000_11', 'ID00000_12', 'ID00000_13']",8,13,5,990.0,35
ID00017_1,59,['ID00016'],ID00017,1,CyberShake,Terminated,0,100000000000,1,54,1,0,0,24,26,2,40.0,1000.0,5,12.0,"['ID00000_0', 'ID00000_1', 'ID00000_2', 'ID00000_3', 'ID00000_4', 'ID00000_5', 'ID00000_6', 'ID00000_7', 'ID00000_8', 'ID00000_9', 'ID00000_10', 'ID00000_11', 'ID00000_12', 'ID00000_13']",8,10,2,990.0,46
ID00018_0,60,[],ID00018,1,CyberShake,Terminated,0,100000000000,1,405,1,0,0,0,6,6,36.0,1000.0,9,30.0,"['ID00001_0', 'ID00001_1', 'ID00001_2', 'ID00001_3', 'ID00001_4', 'ID00001_5', 'ID00001_6', 'ID00001_7', 'ID00001_8', 'ID00001_9', 'ID00001_10', 'ID00001_11', 'ID00001_12', 'ID00001_13', 'ID00019_0', 'ID00019_1']",0,9,9,979.0,2
ID00018_1,61,[],ID00018,1,CyberShake,Terminated,0,100000000000,1,43,1,0,0,0,3,3,39.0,1000.0,3,22.0,"['ID00001_0', 'ID00001_1', 'ID00001_2', 'ID00001_3', 'ID00001_4', 'ID00001_5', 'ID00001_6', 'ID00001_7', 'ID00001_8', 'ID00001_9', 'ID00001_10', 'ID00001_11', 'ID00001_12', 'ID00001_13', 'ID00019_0', 'ID00019_1']",0,1,1,979.0,12
ID00019_0,62,['ID00018'],ID00019,1,CyberShake,Terminated,0,100000000000,1,491,1,0,0,14,21,7,35.0,1000.0,8,21.0,"['ID00000_0', 'ID00000_1', 'ID00000_2', 'ID00000_3', 'ID00000_4', 'ID00000_5', 'ID00000_6', 'ID00000_7', 'ID00000_8', 'ID00000_9', 'ID00000_10', 'ID00000_11', 'ID00000_12', 'ID00000_13']",9,20,11,990.0,27
ID00019_1,63,['ID00018'],ID00019,1,CyberShake,Terminated,0,100000000000,1,13,1,0,0,26,27,1,41.0,1000.0,0,11.0,"['ID00000_0', 'ID00000_1', 'ID00000_2', 'ID00000_3', 'ID00000_4', 'ID00000_5', 'ID00000_6', 'ID00000_7', 'ID00000_8', 'ID00000_9', 'ID00000_10', 'ID00000_11', 'ID00000_12', 'ID00000_13']",9,10,1,990.0,51
ID00020_0,64,[],ID00020,1,CyberShake,Terminated,0,100000000000,1,304,1,0,0,10,14,4,38.0,1000.0,8,24.0,"['ID00001_0', 'ID00001_1', 'ID00001_2', 'ID00001_3', 'ID00001_4', 'ID00001_5', 'ID00001_6', 'ID00001_7', 'ID00001_8', 'ID00001_9', 'ID00001_10', 'ID00001_11', 'ID00001_12', 'ID00001_13', 'ID00021_0', 'ID00021_1']",0,7,7,983.0,19
ID00020_1,65,[],ID00020,1,CyberShake,Terminated,0,100000000000,1,502,1,0,0,0,13,13,29.0,1000.0,5,28.0,"['ID00001_0', 'ID00001_1', 'ID00001_2', 'ID00001_3', 'ID00001_4', 'ID00001_5', 'ID00001_6', 'ID00001_7', 'ID00001_8', 'ID00001_9', 'ID00001_10', 'ID00001_11', 'ID00001_12', 'ID00001_13', 'ID00021_0', 'ID00021_1']",0,11,11,983.0,5
ID00021_0,66,['ID00020'],ID00021,1,CyberShake,Terminated,0,100000000000,1,88,1,0,0,26,28,2,40.0,1000.0,10,12.0,"['ID00000_0', 'ID00000_1', 'ID00000_2', 'ID00000_3', 'ID00000_4', 'ID00000_5', 'ID00000_6', 'ID00000_7', 'ID00000_8', 'ID00000_9', 'ID00000_10', 'ID00000_11', 'ID00000_12', 'ID00000_13']",7,9,2,990.0,49
ID00021_1,67,['ID00020'],ID00021,1,CyberShake,Terminated,0,100000000000,1,297,1,0,0,22,26,4,38.0,1000.0,10,17.0,"['ID00000_0', 'ID00000_1', 'ID00000_2', 'ID00000_3', 'ID00000_4', 'ID00000_5', 'ID00000_6', 'ID00000_7', 'ID00000_8', 'ID00000_9', 'ID00000_10', 'ID00000_11', 'ID00000_12', 'ID00000_13']",7,14,7,990.0,42
ID00022_0,68,[],ID00022,1,CyberShake,Terminated,0,100000000000,1,437,1,0,0,7,13,6,36.0,1000.0,11,25.0,"['ID00001_0', 'ID00001_1', 'ID00001_2', 'ID00001_3', 'ID00001_4', 'ID00001_5', 'ID00001_6', 'ID00001_7', 'ID00001_8', 'ID00001_9', 'ID00001_10', 'ID00001_11', 'ID00001_12', 'ID00001_13', 'ID00023_0', 'ID00023_1']",0,10,10,985.0,17
ID00022_1,69,[],ID00022,1,CyberShake,Terminated,0,100000000000,1,108,1,0,0,12,18,6,36.0,1000.0,2,18.0,"['ID00001_0', 'ID00001_1', 'ID00001_2', 'ID00001_3', 'ID00001_4', 'ID00001_5', 'ID00001_6', 'ID00001_7', 'ID00001_8', 'ID00001_9', 'ID00001_10', 'ID00001_11', 'ID00001_12', 'ID00001_13', 'ID00023_0', 'ID00023_1']",0,3,3,985.0,25
ID00023_0,70,['ID00022'],ID00023,1,CyberShake,Terminated,0,100000000000,1,189,1,0,0,18,28,10,32.0,1000.0,2,15.0,"['ID00000_0', 'ID00000_1', 'ID00000_2', 'ID00000_3', 'ID00000_4', 'ID00000_5', 'ID00000_6', 'ID00000_7', 'ID00000_8', 'ID00000_9', 'ID00000_10', 'ID00000_11', 'ID00000_12', 'ID00000_13']",10,15,5,990.0,36
ID00023_1,71,['ID00022'],ID00023,1,CyberShake,Terminated,0,100000000000,1,208,1,0,0,25,28,3,39.0,1000.0,8,15.0,"['ID00000_0', 'ID00000_1', 'ID00000_2', 'ID00000_3', 'ID00000_4', 'ID00000_5', 'ID00000_6', 'ID00000_7', 'ID00000_8', 'ID00000_9', 'ID00000_10', 'ID00000_11', 'ID00000_12', 'ID00000_13']",10,15,5,990.0,47
ID00024_0,72,[],ID00024,1,CyberShake,Terminated,0,100000000000,1,287,1,0,0,0,8,8,34.0,1000.0,4,28.0,"['ID00001_0', 'ID00001_1', 'ID00001_2', 'ID00001_3', 'ID00001_4', 'ID00001_5', 'ID00001_6', 'ID00001_7', 'ID00001_8', 'ID00001_9', 'ID00001_10', 'ID00001_11', 'ID00001_12', 'ID00001_13', 'ID00025_0', 'ID00025_1']",0,7,7,979.0,6
ID00024_1,73,[],ID00024,1,CyberShake,Terminated,0,100000000000,1,274,1,0,0,6,10,4,38.0,1000.0,8,27.0,"['ID00001_0', 'ID00001_1', 'ID00001_2', 'ID00001_3', 'ID00001_4', 'ID00001_5', 'ID00001_6', 'ID00001_7', 'ID00001_8', 'ID00001_9', 'ID00001_10', 'ID00001_11', 'ID00001_12', 'ID00001_13', 'ID00025_0', 'ID00025_1']",0,6,6,979.0,14
ID00025_0,74,['ID00024'],ID00025,1,CyberShake,Terminated,0,100000000000,1,508,1,0,0,13,20,7,35.0,1000.0,11,21.0,"['ID00000_0', 'ID00000_1', 'ID00000_2', 'ID00000_3', 'ID00000_4', 'ID00000_5', 'ID00000_6', 'ID00000_7', 'ID00000_8', 'ID00000_9', 'ID00000_10', 'ID00000_11', 'ID00000_12', 'ID00000_13']",7,18,11,990.0,26
ID00025_1,75,['ID00024'],ID00025,1,CyberShake,Terminated,0,100000000000,1,445,1,0,0,16,22,6,36.0,1000.0,10,20.0,"['ID00000_0', 'ID00000_1', 'ID00000_2', 'ID00000_3', 'ID00000_4', 'ID00000_5', 'ID00000_6', 'ID00000_7', 'ID00000_8', 'ID00000_9', 'ID00000_10', 'ID00000_11', 'ID00000_12', 'ID00000_13']",7,17,10,990.0,33
ID00026_0,76,[],ID00026,1,CyberShake,Terminated,0,100000000000,1,319,1,0,0,11,19,8,34.0,1000.0,6,20.0,"['ID00001_0', 'ID00001_1', 'ID00001_2', 'ID00001_3', 'ID00001_4', 'ID00001_5', 'ID00001_6', 'ID00001_7', 'ID00001_8', 'ID00001_9', 'ID00001_10', 'ID00001_11', 'ID00001_12', 'ID00001_13', 'ID00027_0', 'ID00027_1']",0,7,7,987.0,22
ID00026_1,77,[],ID00026,1,CyberShake,Terminated,0,100000000000,1,88,1,0,0,14,19,5,37.0,1000.0,0,15.0,"['ID00001_0', 'ID00001_1', 'ID00001_2', 'ID00001_3', 'ID00001_4', 'ID00001_5', 'ID00001_6', 'ID00001_7', 'ID00001_8', 'ID00001_9', 'ID00001_10', 'ID00001_11', 'ID00001_12', 'ID00001_13', 'ID00027_0', 'ID00027_1']",0,2,2,987.0,32
ID00027_0,78,['ID00026'],ID00027,1,CyberShake,Terminated,0,100000000000,1,129,1,0,0,19,26,7,35.0,1000.0,0,13.0,"['ID00000_0', 'ID00000_1', 'ID00000_2', 'ID00000_3', 'ID00000_4', 'ID00000_5', 'ID00000_6', 'ID00000_7', 'ID00000_8', 'ID00000_9', 'ID00000_10', 'ID00000_11', 'ID00000_12', 'ID00000_13']",7,10,3,990.0,38
ID00027_1,79,['ID00026'],ID00027,1,CyberShake,Terminated,0,100000000000,1,31,1,0,0,26,27,1,41.0,1000.0,4,11.0,"['ID00000_0', 'ID00000_1', 'ID00000_2', 'ID00000_3', 'ID00000_4', 'ID00000_5', 'ID00000_6', 'ID00000_7', 'ID00000_8', 'ID00000_9', 'ID00000_10', 'ID00000_11', 'ID00000_12', 'ID00000_13']",7,8,1,990.0,52
ID00028_0,80,[],ID00028,1,CyberShake,Terminated,0,100000000000,1,475,1,0,0,0,6,6,36.0,1000.0,8,31.0,"['ID00001_0', 'ID00001_1', 'ID00001_2', 'ID00001_3', 'ID00001_4', 'ID00001_5', 'ID00001_6', 'ID00001_7', 'ID00001_8', 'ID00001_9', 'ID00001_10', 'ID00001_11', 'ID00001_12', 'ID00001_13', 'ID00029_0', 'ID00029_1']",0,11,11,980.0,1
ID00028_1,81,[],ID00028,1,CyberShake,Terminated,0,100000000000,1,61,1,0,0,8,10,2,40.0,1000.0,4,22.0,"['ID00001_0', 'ID00001_1', 'ID00001_2', 'ID00001_3', 'ID00001_4', 'ID00001_5', 'ID00001_6', 'ID00001_7', 'ID00001_8', 'ID00001_9', 'ID00001_10', 'ID00001_11', 'ID00001_12', 'ID00001_13', 'ID00029_0', 'ID00029_1']",0,2,2,980.0,18
ID00029_0,82,['ID00028'],ID00029,1,CyberShake,Terminated,0,100000000000,1,455,1,0,0,16,22,6,36.0,1000.0,9,20.0,"['ID00000_0', 'ID00000_1', 'ID00000_2', 'ID00000_3', 'ID00000_4', 'ID00000_5', 'ID00000_6', 'ID00000_7', 'ID00000_8', 'ID00000_9', 'ID00000_10', 'ID00000_11', 'ID00000_12', 'ID00000_13']",11,21,10,990.0,34
ID00029_1,83,['ID00028'],ID00029,1,CyberShake,Terminated,0,100000000000,1,359,1,0,0,14,23,9,33.0,1000.0,7,18.0,"['ID00000_0', 'ID00000_1', 'ID00000_2', 'ID00000_3', 'ID00000_4', 'ID00000_5', 'ID00000_6', 'ID00000_7', 'ID00000_8', 'ID00000_9', 'ID00000_10', 'ID00000_11', 'ID00000_12', 'ID00000_13']",11,19,8,990.0,30
